((517, 309), (535, 389), 77.31961650818019, 107)
((523, 999), (545, 918), 74.80475147318012, 125)
((479, 425), (536, 322), 61.03994330604966, 73)
((468, 439), (523, 340), 60.945395900922854, 22)
((461, 939), (516, 840), 60.945395900922854, 101)
((161, 988), (220, 882), 60.89952258845656, 62)
((329, 1268), (392, 1158), 60.19905631438077, 93)
((231, 864), (286, 768), 60.190885793293475, 34)
((60, 1166), (99, 1098), 60.164460899738444, 64)
((373, 1091), (454, 950), 60.124007308310574, 78)
((243, 851), (289, 771), 60.10109816138543, 50)
((291, 1183), (363, 1058), 60.05805746972703, 43)
((263, 1288), (334, 1165), 60.00492038286022, 53)
((380, 1031), (447, 915), 59.98986235968179, 58)
((382, 865), (425, 791), 59.83993916191291, 120)
((260, 1287), (353, 1127), 59.832704389615614, 28)
((233, 1282), (322, 1129), 59.81346411880467, 35)
((256, 948), (305, 864), 59.743562836470744, 71)
((268, 1058), (312, 983), 59.60127228583394, 85)
((83, 969), (167, 828), 59.215853473673555, 91)
((91, 1166), (226, 940), 59.148222047528314, 32)
((114, 1131), (227, 942), 59.12548915823144, 65)
((128, 980), (262, 756), 59.111533542216264, 33)
((130, 981), (286, 721), 59.03624346792648, 89)
((84, 971), (170, 828), 58.97735779542919, 77)
((52, 1128), (111, 1030), 58.95034281337739, 121)
((199, 867), (255, 774), 58.94572888364723, 19)
((137, 990), (281, 751), 58.93059679076658, 40)
((153, 958), (311, 696), 58.90777780985471, 18)
((123, 1172), (190, 1061), 58.88466768525817, 80)
((93, 1056), (250, 796), 58.87448280366221, 59)
((727, 364), (787, 434), 49.398705354995535, 102)
((979, 275), (1043, 206), 47.152962789100464, 56)
((675, 674), (743, 604), 45.83031548625801, 66)
((703, 1032), (777, 1106), 45.0, 72)
((863, 378), (936, 321), 37.9834982552771, 61)
((1250, 321), (1330, 269), 33.02386755579665, 51)
((1234, 333), (1304, 289), 32.152295141282345, 70)
((314, 914), (387, 957), 30.499833233447433, 116)
((274, 788), (344, 829), 30.358115458766633, 104)
((136, 1174), (318, 1279), 29.981639368849333, 76)
((391, 887), (469, 932), 29.981639368849333, 119)
((263, 1027), (345, 1074), 29.820072565473758, 100)
((288, 1173), (384, 1228), 29.809114206706532, 112)
((194, 1210), (293, 1265), 29.054604099077146, 128)
((356, 511), (425, 473), 28.84266013541207, 133)
((636, 961), (804, 883), 24.904768808095188, 60)
((641, 960), (750, 910), 24.641661999558345, 67)
((586, 518), (667, 482), 23.962488974578182, 115)
((524, 548), (665, 486), 23.7358753394477, 87)
((444, 673), (525, 697), 16.504361381755018, 84)
((426, 670), (518, 697), 16.35581710101725, 45)
((109, 578), (224, 611), 16.011177478808456, 42)
((425, 1155), (507, 1132), 15.668160421752493, 109)
((517, 697), (586, 716), 15.395549253995089, 96)
((709, 706), (778, 725), 15.395549253995089, 114)
((401, 1024), (496, 998), 15.306138974089874, 49)
((410, 1104), (641, 1042), 15.02400386756629, 41)
((449, 1097), (546, 1071), 15.004920382860224, 79)
((426, 1015), (589, 972), 14.77816173293736, 26)
((276, 529), (375, 504), 14.172337700131964, 108)
((388, 1066), (492, 1040), 14.036243467926479, 88)
((527, 989), (605, 970), 13.690049617465514, 110)
((480, 850), (555, 832), 13.495733280795813, 46)
((240, 538), (336, 517), 12.339087278326193, 129)
((240, 535), (311, 521), 11.154659738928297, 132)
