((933, 510), (990, 353), 70.04620077964279, 53)
((935, 509), (995, 345), 69.90476880809518, 58)
((211, 941), (268, 825), 63.83145307805513, 59)
((390, 752), (458, 614), 63.76806006684338, 62)
((400, 735), (446, 642), 63.68191186034827, 86)
((468, 869), (518, 771), 62.96913974015702, 61)
((306, 919), (351, 831), 62.91644913563134, 79)
((353, 744), (434, 586), 62.85768090555759, 84)
((240, 742), (313, 605), 61.94922423382145, 41)
((289, 1043), (337, 953), 61.92751306414705, 48)
((366, 896), (417, 801), 61.771223818630425, 73)
((605, 897), (727, 676), 61.09971274847733, 38)
((670, 783), (727, 681), 60.80251395393554, 36)
((1375, 1050), (1468, 972), 39.98688624496419, 82)
((1377, 1051), (1470, 973), 39.98688624496419, 83)
((1155, 175), (1254, 105), 35.26301172959725, 75)
((513, 801), (602, 850), 28.835500847743084, 80)
((866, 573), (957, 620), 27.31560797344226, 52)
((1044, 1009), (1158, 1063), 25.34617594194669, 87)
((1017, 993), (1119, 1041), 25.20112364547507, 69)
((1025, 999), (1166, 1065), 25.083594006190914, 57)
((142, 295), (238, 332), 21.07749411698674, 42)
((615, 904), (751, 857), 19.064547431332276, 31)
((763, 855), (873, 817), 19.057704510128328, 23)
((723, 568), (818, 597), 16.975499467929748, 64)
((740, 805), (834, 780), 14.893472958841611, 72)
((660, 823), (802, 787), 14.225963898751797, 50)
((637, 860), (732, 837), 13.6097318958122, 74)
