((468, 439), (523, 340), 60.945395900922854, 21)
((281, 1257), (334, 1165), 60.05431655960483, 43)
((278, 1256), (352, 1128), 59.96671956400486, 28)
((125, 903), (199, 779), 59.17233770013197, 53)
((189, 878), (262, 756), 59.10535776433524, 32)
((137, 990), (281, 751), 58.93059679076658, 36)
((636, 961), (775, 896), 25.062008255794456, 49)
((571, 527), (665, 486), 23.565395870581973, 54)
((129, 584), (224, 611), 15.865707802773827, 37)
((401, 1024), (496, 998), 15.306138974089874, 42)
((446, 1095), (555, 1066), 14.898695434400302, 39)

