[40, 46, 40, 74]
[44, 733, 42, 500]
[45, 410, 46, 534]
[50, 935, 51, 1000]
[50, 1004, 50, 1063]
[103, 46, 43, 44]
[146, 1130, 66, 1130]
[85, 1189, 98, 1189]
[175, 1189, 193, 1189]
[275, 1180, 234, 1180]
[255, 39, 264, 39]
[325, 1124, 489, 1122]
[473, 40, 255, 42]
[723, 1124, 396, 1126]
[545, 1189, 573, 1189]
[695, 1189, 723, 1189]
[769, 34, 853, 34]
[810, 1189, 823, 1189]
[874, 803, 874, 776]
[875, 1119, 944, 1119]
[895, 514, 894, 480]
[1031, 1180, 981, 1181]
[1055, 1189, 1088, 1189]
[1080, 566, 1080, 581]
[1168, 1119, 1105, 1120]
[1144, 968, 1144, 945]
[1205, 1189, 1233, 1189]
[1225, 789, 1238, 789]
[1243, 789, 1255, 789]
[1286, 1180, 1270, 1180]
[1266, 29, 1479, 28]
[1396, 124, 1561, 123]
[1395, 1189, 1433, 1189]
[1430, 1114, 1458, 1114]
[1524, 505, 1524, 496]
[1580, 1189, 1628, 1189]
[1624, 228, 1620, 35]
[1629, 355, 1632, 573]
[1634, 898, 1634, 871]
[1634, 665, 1635, 751]
[1640, 1045, 1640, 1114]
[1686, 1180, 1658, 1180]
[1759, 218, 1759, 205]
[1759, 479, 1759, 460]
[1759, 988, 1759, 970]
[1758, 1209, 1759, 1175]
[40, 348, 40, 300]
[200, 40, 208, 40]
[230, 1125, 243, 1125]
[260, 1125, 318, 1125]
[673, 38, 560, 39]
[673, 409, 664, 409]
[770, 1120, 808, 1120]
[1059, 34, 760, 37]
[1090, 34, 1074, 34]
[1119, 34, 1093, 33]
[1121, 799, 1115, 716]
[945, 32, 1193, 30]
[1140, 790, 1200, 791]
[1200, 624, 1199, 600]
[1235, 30, 1264, 30]
[1255, 678, 1255, 670]
[1273, 559, 1211, 561]
[1269, 984, 1254, 986]
[1340, 1019, 1340, 1001]
[1349, 786, 1349, 775]
[1350, 260, 1358, 260]
[1354, 598, 1354, 616]
[1460, 1189, 1488, 1189]
[1558, 645, 1561, 663]
[1591, 644, 1560, 644]
[1583, 684, 1565, 684]
[1584, 536, 1586, 564]
[1590, 665, 1591, 681]
[1624, 35, 1624, 83]
[1625, 85, 1628, 228]
[1629, 573, 1627, 485]
[1639, 1010, 1639, 1043]
[1759, 33, 1759, 20]
[45, 833, 45, 795]
[50, 858, 49, 872]
[50, 873, 49, 903]
[193, 1179, 85, 1179]
[204, 1190, 185, 1192]
[281, 591, 279, 575]
[458, 1179, 290, 1179]
[389, 464, 391, 485]
[471, 1190, 450, 1191]
[515, 839, 500, 843]
[718, 1179, 545, 1179]
[571, 415, 560, 415]
[560, 36, 673, 35]
[710, 35, 723, 35]
[978, 1179, 800, 1179]
[988, 1264, 800, 1264]
[868, 731, 869, 743]
[869, 775, 869, 801]
[1233, 1179, 1055, 1179]
[1243, 1264, 1055, 1264]
[1104, 310, 1111, 310]
[1129, 689, 1129, 643]
[1129, 784, 1129, 750]
[1135, 248, 1135, 255]
[1200, 1115, 1223, 1115]
[1230, 1115, 1243, 1115]
[1251, 258, 1274, 254]
[1280, 1115, 1308, 1115]
[1276, 255, 1293, 255]
[1488, 1179, 1315, 1179]
[1395, 454, 1406, 454]
[1541, 1180, 1490, 1181]
[1599, 31, 1346, 32]
[1628, 1179, 1570, 1179]
[1591, 643, 1588, 613]
[1618, 30, 1601, 30]
[1625, 283, 1625, 260]
[1635, 968, 1635, 930]
[1768, 259, 1750, 259]
[1759, 733, 1759, 715]
[1759, 798, 1759, 788]
[1756, 1014, 1768, 1014]
[300, 1189, 308, 1189]
[310, 684, 307, 693]
[365, 1189, 373, 1189]
[393, 499, 394, 509]
[394, 520, 395, 530]
[490, 419, 480, 420]
[528, 1180, 460, 1181]
[606, 502, 622, 504]
[698, 409, 691, 409]
[725, 410, 715, 409]
[734, 719, 733, 738]
[735, 684, 734, 708]
[740, 408, 749, 409]
[783, 1180, 721, 1181]
[765, 64, 748, 64]
[915, 1194, 935, 1193]
[935, 504, 940, 484]
[983, 513, 1029, 519]
[1033, 523, 1005, 519]
[1025, 858, 1025, 846]
[1093, 314, 1075, 314]
[1120, 741, 1124, 800]
[1129, 603, 1129, 585]
[1154, 561, 1190, 558]
[1270, 1026, 1268, 1009]
[1268, 1039, 1269, 1028]
[1325, 1189, 1333, 1189]
[1330, 257, 1349, 260]
[1374, 909, 1374, 903]
[1405, 458, 1368, 453]
[1574, 498, 1572, 476]
[1746, 1224, 1756, 1224]
[1759, 1053, 1759, 1044]
[219, 80, 219, 65]
[419, 510, 419, 495]
[435, 1189, 463, 1189]
[689, 525, 690, 513]
[828, 555, 810, 555]
[955, 1189, 983, 1189]
[1050, 314, 1103, 310]
[1146, 1061, 1158, 1060]
[1266, 229, 1283, 227]
[1271, 625, 1244, 628]
[1267, 723, 1279, 724]
[1276, 624, 1291, 624]
[1289, 779, 1289, 769]
[1324, 260, 1310, 260]
[1351, 555, 1333, 555]
[1351, 246, 1368, 249]
[1393, 269, 1365, 264]
[1594, 745, 1594, 758]
[1739, 1170, 1739, 1193]
[384, 681, 384, 673]
[425, 479, 424, 464]
[509, 570, 455, 572]
[733, 1264, 545, 1264]
[730, 1190, 695, 1192]
[731, 512, 749, 514]
[1274, 778, 1274, 768]
[1350, 748, 1350, 736]
[1549, 406, 1548, 396]
[1575, 473, 1577, 488]
[1625, 754, 1615, 754]
[739, 802, 758, 798]
[768, 611, 771, 595]
[1241, 781, 1240, 750]
[1373, 876, 1374, 890]
[1499, 1190, 1460, 1192]
[1488, 590, 1501, 590]
[1608, 424, 1595, 424]
[473, 1264, 290, 1264]
[1460, 1113, 1472, 1114]
[1545, 800, 1513, 800]
[1753, 1264, 1570, 1264]
[218, 1264, 35, 1264]
[1030, 734, 1031, 705]
[1185, 304, 1174, 302]
[1303, 789, 1324, 789]
[1498, 1264, 1315, 1264]
[255, 405, 244, 444]
[767, 772, 762, 798]
[1023, 311, 1007, 316]
[1129, 743, 1129, 710]
[1310, 227, 1334, 231]
[1329, 765, 1329, 754]
[1378, 125, 1394, 125]
[393, 545, 396, 556]
[462, 620, 467, 607]
[878, 533, 856, 530]
[1030, 67, 1027, 46]
[1443, 504, 1465, 504]
[1580, 384, 1593, 413]
[213, 796, 204, 814]
[396, 556, 389, 575]
[512, 800, 519, 783]
[744, 896, 768, 891]
[1118, 77, 1133, 108]
[1243, 1190, 1205, 1192]
[1120, 645, 1120, 655]
[1390, 235, 1390, 245]
[250, 499, 251, 510]
[513, 970, 526, 975]
[745, 900, 745, 919]
[860, 286, 888, 280]
[873, 660, 889, 620]
[988, 367, 977, 391]
[1015, 565, 980, 569]
[1065, 736, 1073, 789]
[1081, 221, 1096, 220]
[1286, 865, 1281, 898]
[1425, 78, 1429, 64]
[799, 786, 802, 769]
[1075, 545, 1075, 556]
[1159, 284, 1136, 289]
[1194, 223, 1209, 226]
[1263, 550, 1210, 550]
[1516, 741, 1560, 752]
[1590, 434, 1593, 470]
[770, 786, 775, 769]
[805, 773, 801, 789]
[1065, 314, 1027, 322]
[1053, 520, 1054, 503]
[1067, 825, 1108, 816]
[1118, 720, 1120, 740]
[1267, 455, 1266, 499]
[1341, 233, 1374, 239]
[450, 570, 508, 567]
[475, 1179, 493, 1179]
[558, 370, 543, 370]
[656, 460, 639, 460]
[710, 819, 710, 831]
[730, 1179, 748, 1179]
[770, 894, 746, 898]
[921, 679, 935, 679]
[984, 604, 1009, 604]
[990, 1179, 1003, 1179]
[1038, 239, 1042, 253]
[1061, 725, 1065, 704]
[1099, 609, 1099, 595]
[1104, 781, 1103, 766]
[1104, 634, 1114, 634]
[1121, 600, 1120, 628]
[1113, 310, 1144, 308]
[1128, 579, 1129, 566]
[1129, 626, 1128, 605]
[1164, 221, 1131, 220]
[1146, 745, 1135, 745]
[1161, 630, 1136, 630]
[1166, 263, 1164, 249]
[1178, 496, 1161, 495]
[1159, 492, 1191, 494]
[1186, 444, 1205, 444]
[1163, 656, 1198, 653]
[1198, 548, 1199, 533]
[1205, 744, 1205, 765]
[1215, 494, 1234, 494]
[1231, 520, 1218, 520]
[1224, 910, 1224, 894]
[1234, 601, 1234, 569]
[1245, 1179, 1263, 1179]
[1253, 724, 1266, 723]
[1264, 494, 1264, 459]
[1270, 955, 1270, 983]
[1275, 735, 1275, 745]
[1289, 544, 1287, 513]
[1289, 695, 1289, 668]
[1289, 748, 1289, 734]
[1345, 700, 1305, 700]
[1303, 554, 1318, 554]
[1313, 1019, 1314, 991]
[1359, 793, 1359, 769]
[1343, 864, 1383, 864]
[1373, 699, 1419, 699]
[1444, 700, 1429, 700]
[1474, 650, 1474, 625]
[1479, 433, 1481, 450]
[1500, 1179, 1518, 1179]
[1519, 493, 1519, 466]
[1535, 70, 1535, 86]
[1540, 456, 1541, 468]
[1558, 779, 1559, 763]
[1568, 764, 1589, 764]
[1574, 354, 1584, 354]
[1635, 1179, 1663, 1179]
[214, 209, 214, 193]
[215, 186, 215, 203]
[696, 490, 694, 504]
[797, 468, 795, 483]
[812, 726, 808, 750]
[825, 520, 870, 529]
[1055, 484, 1056, 516]
[1109, 814, 1106, 790]
[1121, 566, 1121, 593]
[1244, 838, 1244, 823]
[1269, 1008, 1268, 991]
[1364, 500, 1346, 499]
[1375, 835, 1400, 835]
[1469, 530, 1469, 520]
[1450, 666, 1473, 664]
[360, 281, 361, 295]
[851, 386, 856, 412]
[892, 621, 885, 640]
[974, 258, 964, 260]
[981, 377, 987, 356]
[1072, 558, 1074, 535]
[1110, 818, 1084, 824]
[1121, 238, 1133, 241]
[1166, 309, 1145, 311]
[1243, 626, 1270, 622]
[1260, 789, 1283, 789]
[1288, 699, 1276, 699]
[1279, 1092, 1326, 1079]
[1273, 501, 1298, 504]
[1331, 900, 1313, 900]
[1364, 435, 1362, 403]
[1408, 702, 1364, 701]
[1390, 769, 1390, 785]
[1499, 796, 1499, 786]
[622, 490, 628, 460]
[793, 891, 794, 880]
[802, 601, 791, 633]
[811, 878, 796, 881]
[806, 749, 809, 726]
[818, 478, 821, 455]
[873, 705, 876, 746]
[880, 514, 883, 530]
[905, 449, 899, 469]
[949, 930, 932, 932]
[940, 484, 950, 462]
[1109, 790, 1112, 815]
[1152, 977, 1183, 981]
[1182, 276, 1198, 273]
[1203, 725, 1174, 726]
[1230, 1038, 1228, 993]
[1230, 993, 1230, 1016]
[1247, 945, 1251, 963]
[1291, 715, 1290, 724]
[1335, 934, 1339, 913]
[1475, 548, 1476, 574]
[1531, 757, 1529, 776]
[1563, 855, 1537, 906]
[1564, 404, 1572, 428]
[0, 1179, 23, 1179]
[184, 220, 218, 219]
[233, 220, 263, 219]
[758, 519, 735, 515]
[776, 724, 743, 736]
[820, 747, 840, 742]
[885, 911, 885, 960]
[1364, 401, 1366, 428]
[1425, 604, 1365, 621]
[1474, 570, 1474, 555]
[241, 442, 252, 404]
[770, 880, 772, 893]
[980, 567, 1015, 562]
[1080, 825, 1067, 828]
[1283, 855, 1284, 844]
[1596, 354, 1614, 352]
[748, 855, 752, 841]
[769, 890, 767, 875]
[810, 712, 784, 722]
[792, 484, 794, 468]
[883, 620, 858, 611]
[1067, 705, 1064, 727]
[1070, 788, 1062, 738]
[1183, 984, 1153, 980]
[1373, 242, 1340, 236]
[1578, 573, 1573, 539]
[1591, 469, 1587, 435]
[731, 774, 720, 777]
[760, 795, 764, 771]
[830, 425, 818, 422]
[813, 298, 847, 289]
[1159, 246, 1136, 246]
[1221, 364, 1218, 346]
[263, 649, 258, 659]
[349, 774, 363, 771]
[630, 460, 625, 490]
[679, 849, 706, 842]
[922, 406, 920, 418]
[1254, 945, 1266, 946]
[1299, 507, 1273, 504]
[1361, 749, 1359, 740]
[1400, 822, 1429, 818]
[633, 510, 689, 528]
[764, 656, 776, 652]
[1513, 524, 1479, 524]
[402, 533, 404, 522]
[1277, 374, 1270, 416]
[1277, 922, 1272, 945]
[1416, 842, 1452, 829]
[1487, 695, 1524, 687]
[1527, 689, 1488, 697]
[1576, 814, 1536, 812]
[407, 523, 404, 534]
[626, 857, 640, 832]
[773, 656, 754, 661]
[863, 891, 866, 918]
[883, 963, 856, 972]
[1069, 673, 1070, 660]
[1273, 754, 1260, 754]
[353, 278, 365, 277]
[599, 565, 583, 565]
[675, 817, 704, 810]
[1300, 501, 1315, 453]
[1500, 554, 1519, 550]
[1744, 1088, 1744, 1158]
[670, 853, 637, 862]
[709, 844, 679, 852]
[688, 531, 632, 513]
[848, 291, 825, 298]
[869, 480, 848, 476]
[979, 740, 952, 746]
[1030, 45, 1033, 65]
[1280, 898, 1280, 885]
[1288, 814, 1253, 814]
[1342, 1008, 1345, 1026]
[1390, 874, 1378, 900]
[849, 696, 855, 669]
[1263, 501, 1244, 496]
[1598, 754, 1600, 723]
[238, 446, 192, 432]
[613, 410, 624, 410]
[894, 417, 906, 413]
[897, 465, 902, 448]
[231, 707, 236, 695]
[364, 773, 343, 779]
[780, 905, 793, 902]
[831, 783, 811, 788]
[804, 818, 828, 813]
[1138, 286, 1151, 283]
[1488, 302, 1512, 316]
[240, 335, 221, 327]
[373, 524, 367, 490]
[993, 895, 1011, 893]
[1019, 323, 1049, 314]
[1499, 779, 1477, 771]
[1535, 446, 1536, 433]
[1574, 831, 1564, 853]
[256, 656, 263, 638]
[767, 851, 789, 843]
[1296, 244, 1277, 246]
[1501, 774, 1507, 748]
[1519, 649, 1500, 649]
[214, 136, 214, 156]
[214, 159, 214, 175]
[382, 449, 386, 462]
[533, 745, 529, 755]
[611, 372, 597, 377]
[624, 564, 601, 564]
[730, 835, 730, 818]
[754, 555, 769, 555]
[802, 594, 790, 592]
[830, 813, 830, 790]
[872, 486, 879, 510]
[939, 945, 939, 958]
[1119, 658, 1119, 685]
[1139, 945, 1139, 966]
[1174, 736, 1174, 748]
[1200, 835, 1200, 814]
[1235, 621, 1234, 608]
[1256, 660, 1286, 660]
[1308, 984, 1283, 984]
[1285, 1020, 1296, 1020]
[1290, 585, 1290, 569]
[1309, 365, 1328, 365]
[1363, 529, 1349, 529]
[1351, 890, 1369, 890]
[1531, 824, 1515, 825]
[1534, 485, 1536, 471]
[1538, 146, 1563, 145]
[1538, 810, 1563, 810]
[1570, 824, 1554, 824]
[1639, 1189, 1621, 1191]
[1768, 514, 1750, 514]
[101, 283, 84, 276]
[146, 669, 136, 627]
[213, 110, 214, 134]
[541, 582, 525, 610]
[706, 812, 676, 820]
[753, 829, 757, 810]
[760, 520, 758, 534]
[1329, 713, 1329, 730]
[1413, 630, 1433, 630]
[1510, 736, 1510, 703]
[200, 316, 216, 322]
[591, 378, 572, 387]
[715, 580, 713, 604]
[759, 249, 743, 222]
[855, 970, 880, 961]
[918, 275, 896, 282]
[1003, 337, 986, 365]
[1338, 987, 1333, 968]
[1475, 590, 1432, 602]
[1469, 534, 1455, 534]
[1471, 699, 1446, 699]
[319, 551, 333, 547]
[376, 1036, 354, 1025]
[493, 530, 471, 529]
[901, 784, 883, 791]
[893, 435, 875, 433]
[923, 965, 892, 961]
[1092, 495, 1066, 492]
[1281, 425, 1296, 424]
[1307, 958, 1310, 974]
[1363, 659, 1364, 676]
[1475, 513, 1475, 496]
[1519, 553, 1487, 559]
[1533, 814, 1504, 813]
[1558, 755, 1549, 752]
[232, 898, 226, 910]
[246, 669, 236, 692]
[715, 69, 714, 85]
[984, 760, 987, 745]
[1155, 695, 1165, 694]
[1200, 653, 1200, 640]
[1276, 549, 1264, 549]
[1291, 511, 1291, 543]
[1301, 858, 1318, 860]
[1477, 761, 1479, 747]
[1529, 331, 1510, 322]
[803, 590, 809, 569]
[924, 904, 924, 926]
[1041, 1008, 1023, 998]
[1252, 993, 1254, 1021]
[1364, 619, 1423, 602]
[1549, 387, 1536, 361]
[1599, 766, 1583, 810]
[243, 874, 238, 887]
[354, 388, 368, 412]
[713, 871, 682, 882]
[705, 781, 692, 785]
[788, 589, 801, 591]
[804, 355, 816, 403]
[810, 786, 831, 780]
[954, 261, 938, 269]
[977, 393, 952, 460]
[1049, 229, 1073, 221]
[1036, 1002, 1076, 1020]
[1301, 1042, 1281, 1040]
[1396, 245, 1413, 251]
[276, 775, 268, 787]
[699, 339, 713, 333]
[734, 739, 716, 746]
[1216, 227, 1229, 231]
[1317, 455, 1302, 504]
[1581, 604, 1580, 588]
[177, 804, 183, 793]
[275, 991, 259, 1021]
[760, 462, 756, 478]
[784, 688, 742, 705]
[859, 609, 883, 616]
[934, 740, 902, 745]
[1424, 719, 1424, 735]
[162, 1037, 168, 1024]
[674, 787, 703, 779]
[728, 1118, 743, 1090]
[876, 511, 870, 486]
[884, 640, 875, 664]
[1134, 108, 1143, 130]
[1278, 727, 1265, 725]
[1300, 380, 1298, 360]
[331, 693, 347, 663]
[386, 1022, 383, 1008]
[416, 402, 404, 396]
[571, 384, 588, 376]
[733, 570, 790, 588]
[795, 307, 782, 312]
[914, 411, 895, 421]
[1072, 1022, 1041, 1008]
[1104, 356, 1130, 338]
[1203, 794, 1186, 792]
[409, 628, 429, 590]
[520, 218, 436, 219]
[643, 621, 633, 617]
[1123, 1046, 1080, 1025]
[1333, 621, 1350, 619]
[1413, 255, 1387, 245]
[1478, 767, 1497, 775]
[1479, 146, 1519, 146]
[107, 1041, 74, 1026]
[152, 302, 139, 297]
[292, 738, 307, 712]
[704, 649, 693, 644]
[853, 409, 849, 388]
[1520, 145, 1535, 146]
[426, 531, 419, 545]
[752, 550, 758, 521]
[785, 590, 722, 569]
[949, 461, 980, 377]
[1198, 525, 1176, 521]
[1216, 724, 1238, 724]
[1266, 515, 1259, 536]
[1273, 1019, 1271, 1043]
[1474, 614, 1475, 601]
[637, 860, 668, 851]
[758, 535, 754, 551]
[765, 318, 754, 322]
[887, 448, 893, 462]
[1023, 550, 1030, 536]
[1208, 626, 1207, 603]
[1228, 234, 1214, 229]
[1412, 466, 1406, 495]
[715, 335, 700, 341]
[896, 869, 868, 879]
[936, 268, 925, 272]
[973, 342, 988, 332]
[1379, 628, 1365, 631]
[1434, 537, 1468, 531]
[1505, 620, 1523, 617]
[1572, 468, 1569, 438]
[118, 1021, 138, 979]
[142, 978, 119, 1024]
[618, 537, 614, 554]
[662, 354, 648, 359]
[1136, 120, 1123, 95]
[1332, 968, 1340, 953]
[1336, 966, 1340, 984]
[1386, 866, 1364, 867]
[512, 636, 505, 651]
[676, 884, 620, 905]
[740, 734, 771, 724]
[813, 400, 801, 356]
[821, 943, 819, 925]
[1264, 258, 1255, 262]
[1614, 354, 1598, 357]
[74, 817, 84, 780]
[369, 490, 373, 511]
[510, 623, 496, 616]
[719, 629, 705, 650]
[1401, 833, 1394, 807]
[335, 1046, 306, 1028]
[713, 744, 728, 739]
[864, 664, 843, 659]
[1009, 600, 1005, 584]
[1158, 1060, 1205, 1082]
[1212, 369, 1219, 395]
[187, 795, 176, 814]
[425, 1013, 421, 1022]
[720, 866, 747, 857]
[924, 941, 926, 963]
[1140, 133, 1136, 120]
[1217, 396, 1209, 368]
[1200, 290, 1248, 261]
[48, 1129, 47, 1041]
[1228, 275, 1186, 304]
[1579, 577, 1538, 596]
[1636, 754, 1637, 898]
[47, 1033, 46, 935]
[98, 1192, 41, 1191]
[331, 37, 424, 37]
[391, 1126, 325, 1127]
[856, 529, 822, 522]
[1367, 429, 1364, 443]
[1632, 748, 1631, 665]
[38, 104, 37, 44]
[41, 498, 42, 479]
[60, 294, 45, 297]
[235, 884, 252, 849]
[363, 804, 338, 792]
[398, 998, 414, 963]
[1352, 619, 1351, 600]
[1473, 1113, 1614, 1113]
[1633, 869, 1633, 755]
[1746, 257, 1771, 256]
[41, 479, 41, 410]
[139, 626, 148, 668]
[182, 137, 184, 129]
[211, 942, 199, 965]
[224, 325, 240, 333]
[271, 812, 278, 799]
[526, 1121, 723, 1121]
[616, 903, 673, 882]
[794, 824, 770, 830]
[778, 769, 773, 785]
[786, 639, 800, 599]
[875, 285, 860, 289]
[946, 1118, 1068, 1118]
[1070, 1118, 1168, 1116]
[1138, 258, 1137, 268]
[1340, 1076, 1295, 1092]
[1432, 599, 1473, 588]
[1558, 678, 1556, 645]
[1599, 720, 1597, 708]
[83, 1181, 19, 1181]
[38, 186, 37, 106]
[30, 1186, 83, 1186]
[46, 536, 46, 609]
[46, 621, 46, 645]
[51, 1065, 51, 1123]
[40, 41, 83, 41]
[64, 1131, 50, 1131]
[88, 274, 103, 280]
[55, 1127, 118, 1126]
[135, 1126, 148, 1126]
[225, 1181, 195, 1181]
[194, 1263, 218, 1261]
[235, 1176, 253, 1176]
[266, 38, 329, 37]
[288, 1181, 275, 1181]
[359, 297, 357, 288]
[424, 36, 473, 36]
[543, 1181, 530, 1181]
[548, 395, 558, 390]
[798, 1181, 785, 1181]
[796, 509, 798, 490]
[855, 33, 943, 32]
[1103, 1121, 875, 1122]
[985, 770, 957, 783]
[1005, 519, 984, 516]
[1005, 1176, 1023, 1176]
[1073, 38, 1088, 47]
[1118, 630, 1118, 566]
[1167, 249, 1168, 260]
[1265, 1176, 1278, 1176]
[1291, 733, 1291, 760]
[1313, 1181, 1289, 1181]
[1329, 31, 1263, 32]
[1331, 556, 1301, 556]
[1320, 553, 1344, 553]
[1326, 788, 1348, 788]
[1345, 791, 1305, 791]
[1344, 31, 1334, 31]
[1358, 948, 1339, 959]
[1377, 723, 1376, 758]
[1433, 127, 1383, 127]
[1373, 450, 1394, 453]
[1559, 126, 1435, 127]
[1474, 1263, 1498, 1261]
[1548, 1116, 1539, 1117]
[1564, 1117, 1548, 1117]
[1568, 1181, 1544, 1181]
[1638, 1116, 1565, 1116]
[1614, 752, 1628, 750]
[1665, 1176, 1683, 1176]
[1751, 798, 1753, 783]
[41, 76, 41, 128]
[42, 129, 42, 178]
[46, 903, 46, 860]
[25, 1176, 218, 1176]
[143, 295, 156, 300]
[152, 1058, 158, 1046]
[290, 1261, 318, 1263]
[390, 568, 392, 518]
[693, 514, 691, 529]
[750, 1176, 763, 1176]
[780, 1176, 988, 1176]
[842, 825, 868, 817]
[950, 259, 974, 255]
[1035, 1176, 1243, 1176]
[1083, 1024, 1144, 1053]
[1235, 696, 1217, 697]
[1268, 1181, 1235, 1181]
[1278, 232, 1258, 233]
[1271, 943, 1274, 921]
[1330, 938, 1312, 930]
[1365, 931, 1373, 909]
[1373, 755, 1373, 748]
[1438, 836, 1414, 846]
[1499, 593, 1484, 591]
[1520, 1176, 1533, 1176]
[1570, 1261, 1598, 1263]
[1583, 564, 1581, 539]
[1555, 641, 1589, 642]
[1587, 678, 1586, 665]
[1609, 26, 1621, 27]
[1636, 1049, 1636, 1010]
[36, 1261, 61, 1263]
[48, 795, 48, 833]
[243, 1128, 230, 1128]
[236, 695, 253, 704]
[318, 1128, 260, 1128]
[280, 1176, 473, 1176]
[444, 560, 437, 536]
[495, 1176, 508, 1176]
[491, 1122, 524, 1121]
[525, 1176, 728, 1176]
[537, 953, 512, 939]
[802, 490, 801, 503]
[898, 500, 898, 510]
[1026, 898, 1025, 874]
[1053, 1181, 1041, 1181]
[1074, 225, 1050, 231]
[1109, 313, 1099, 312]
[1193, 33, 1121, 33]
[1133, 270, 1133, 255]
[1135, 243, 1154, 243]
[1184, 793, 1140, 793]
[1231, 1262, 1243, 1261]
[1260, 33, 1235, 33]
[1241, 557, 1273, 556]
[1283, 791, 1225, 792]
[1271, 991, 1271, 1018]
[1290, 1176, 1498, 1176]
[1316, 991, 1316, 1020]
[1316, 1261, 1341, 1263]
[1358, 263, 1326, 261]
[1352, 734, 1353, 745]
[1374, 902, 1386, 877]
[1527, 776, 1528, 754]
[1545, 1176, 1633, 1176]
[1565, 681, 1583, 681]
[1564, 810, 1578, 812]
[1581, 807, 1593, 774]
[1619, 1192, 1580, 1192]
[1626, 404, 1626, 355]
[43, 300, 43, 348]
[186, 130, 186, 138]
[195, 1186, 215, 1187]
[199, 959, 209, 940]
[254, 717, 245, 736]
[367, 715, 360, 730]
[449, 1191, 435, 1192]
[617, 525, 618, 513]
[628, 719, 655, 732]
[723, 38, 710, 38]
[759, 801, 745, 804]
[808, 1123, 770, 1123]
[866, 784, 866, 765]
[893, 279, 918, 272]
[936, 266, 951, 259]
[980, 1191, 955, 1192]
[1118, 656, 1116, 638]
[1144, 219, 1163, 218]
[1223, 1118, 1200, 1118]
[1243, 1118, 1230, 1118]
[1254, 983, 1266, 982]
[1275, 242, 1289, 243]
[1308, 1118, 1280, 1118]
[1290, 641, 1293, 629]
[1368, 252, 1338, 246]
[1364, 743, 1371, 743]
[1464, 507, 1449, 506]
[1535, 1117, 1430, 1117]
[1592, 616, 1593, 643]
[1628, 260, 1628, 283]
[1625, 1113, 1636, 1113]
[1638, 930, 1638, 968]
[131, 1103, 137, 1089]
[254, 308, 245, 329]
[425, 525, 432, 515]
[733, 710, 716, 716]
[752, 320, 765, 314]
[781, 720, 780, 706]
[843, 939, 833, 942]
[1088, 1192, 1053, 1192]
[1132, 585, 1131, 628]
[1147, 943, 1147, 973]
[1157, 165, 1144, 140]
[1202, 600, 1202, 626]
[1293, 258, 1273, 257]
[1332, 234, 1315, 231]
[1539, 469, 1536, 447]
[1564, 625, 1542, 633]
[1655, 1181, 1630, 1181]
[1761, 720, 1762, 733]
[139, 1092, 133, 1105]
[190, 970, 166, 980]
[224, 59, 221, 72]
[218, 731, 225, 716]
[243, 479, 240, 460]
[264, 788, 274, 772]
[288, 594, 298, 578]
[319, 697, 313, 707]
[428, 463, 427, 481]
[438, 897, 424, 891]
[455, 419, 457, 428]
[479, 953, 495, 957]
[538, 1013, 520, 1004]
[531, 808, 552, 818]
[658, 736, 628, 722]
[748, 62, 765, 61]
[796, 878, 809, 876]
[890, 464, 884, 449]
[865, 570, 899, 587]
[1011, 606, 988, 606]
[1028, 846, 1028, 869]
[1055, 1261, 1085, 1263]
[1208, 228, 1193, 226]
[1249, 264, 1228, 276]
[1285, 627, 1273, 626]
[1292, 772, 1290, 783]
[1346, 678, 1346, 661]
[1378, 901, 1368, 931]
[1430, 63, 1443, 61]
[153, 907, 134, 896]
[221, 73, 224, 89]
[228, 712, 226, 724]
[255, 1179, 278, 1179]
[415, 968, 400, 1000]
[422, 490, 421, 510]
[502, 648, 508, 638]
[522, 609, 537, 581]
[541, 368, 558, 368]
[619, 508, 604, 503]
[639, 458, 654, 458]
[671, 840, 671, 851]
[731, 736, 731, 718]
[719, 1262, 733, 1261]
[743, 916, 743, 899]
[742, 625, 766, 634]
[806, 477, 818, 478]
[832, 779, 837, 755]
[895, 588, 864, 572]
[935, 681, 921, 681]
[995, 322, 1013, 309]
[1056, 774, 1056, 785]
[1063, 298, 1070, 298]
[1102, 573, 1101, 608]
[1116, 636, 1088, 637]
[1143, 311, 1111, 312]
[1131, 566, 1131, 579]
[1132, 653, 1131, 689]
[1131, 708, 1132, 724]
[1131, 725, 1131, 741]
[1129, 217, 1144, 218]
[1133, 628, 1176, 628]
[1133, 743, 1145, 743]
[1145, 137, 1157, 157]
[1205, 446, 1185, 446]
[1200, 656, 1178, 657]
[1198, 416, 1190, 417]
[1203, 765, 1203, 735]
[1235, 496, 1213, 496]
[1210, 548, 1274, 547]
[1213, 558, 1239, 558]
[1220, 518, 1231, 518]
[1236, 569, 1236, 603]
[1250, 1026, 1240, 1026]
[1246, 829, 1247, 848]
[1264, 726, 1248, 727]
[1273, 743, 1272, 734]
[1291, 669, 1291, 696]
[1308, 980, 1304, 958]
[1303, 698, 1331, 698]
[1376, 441, 1389, 443]
[1428, 698, 1448, 697]
[1476, 625, 1476, 653]
[1476, 780, 1476, 796]
[1478, 449, 1477, 432]
[1509, 798, 1541, 798]
[1588, 766, 1568, 766]
[1584, 356, 1575, 356]
[1587, 404, 1567, 370]
[1614, 1112, 1625, 1112]
[1627, 423, 1627, 414]
[1736, 1193, 1737, 1175]
[1768, 761, 1759, 761]
[221, 221, 204, 222]
[340, 679, 335, 695]
[363, 988, 335, 973]
[368, 605, 377, 588]
[373, 683, 378, 672]
[426, 601, 384, 682]
[461, 614, 451, 630]
[497, 613, 512, 620]
[636, 778, 620, 807]
[776, 556, 750, 558]
[807, 753, 785, 760]
[818, 500, 815, 514]
[895, 852, 905, 869]
[997, 735, 1013, 739]
[1079, 529, 1076, 543]
[1100, 751, 1086, 752]
[1131, 640, 1132, 651]
[1231, 1019, 1232, 1036]
[1230, 216, 1254, 230]
[1244, 494, 1262, 498]
[1310, 901, 1290, 904]
[1388, 781, 1388, 769]
[1425, 598, 1423, 574]
[1471, 521, 1471, 531]
[1501, 786, 1501, 796]
[1600, 428, 1610, 443]
[1762, 1175, 1761, 1191]
[209, 816, 217, 805]
[234, 688, 245, 668]
[310, 738, 319, 720]
[356, 1023, 366, 1027]
[367, 630, 375, 617]
[451, 898, 469, 862]
[645, 824, 624, 813]
[692, 501, 694, 488]
[708, 830, 708, 819]
[771, 548, 788, 547]
[840, 756, 833, 782]
[876, 776, 877, 803]
[1000, 243, 1013, 242]
[1033, 705, 1033, 724]
[1052, 500, 1053, 486]
[1106, 770, 1106, 783]
[1118, 221, 1107, 222]
[1146, 308, 1161, 307]
[1202, 534, 1201, 548]
[1202, 570, 1201, 590]
[1227, 886, 1226, 910]
[1233, 983, 1244, 983]
[1247, 968, 1248, 955]
[1268, 974, 1268, 954]
[1361, 771, 1361, 791]
[1475, 617, 1438, 631]
[1473, 666, 1458, 668]
[1479, 27, 1608, 27]
[1521, 468, 1521, 494]
[1548, 751, 1516, 743]
[1533, 88, 1533, 70]
[1561, 763, 1561, 775]
[1569, 429, 1564, 410]
[1637, 1111, 1637, 1049]
[63, 1021, 54, 1004]
[181, 870, 181, 878]
[215, 324, 200, 320]
[261, 221, 249, 222]
[327, 787, 338, 767]
[543, 417, 534, 416]
[636, 766, 626, 767]
[810, 963, 816, 963]
[824, 297, 815, 302]
[883, 959, 884, 911]
[1022, 749, 993, 764]
[1194, 496, 1185, 496]
[1174, 724, 1201, 723]
[1242, 750, 1243, 779]
[1294, 1091, 1281, 1093]
[1292, 856, 1293, 846]
[1300, 587, 1309, 588]
[1295, 1067, 1308, 1068]
[1321, 898, 1333, 898]
[1367, 491, 1368, 480]
[1571, 430, 1571, 438]
[1586, 566, 1587, 575]
[238, 742, 218, 731]
[244, 468, 247, 477]
[440, 536, 448, 564]
[471, 609, 465, 621]
[499, 875, 507, 859]
[792, 844, 770, 853]
[796, 883, 796, 893]
[840, 745, 820, 749]
[873, 733, 872, 725]
[935, 1195, 915, 1198]
[975, 1262, 984, 1261]
[1160, 174, 1130, 194]
[1338, 498, 1346, 497]
[1392, 266, 1447, 294]
[257, 1018, 274, 987]
[287, 341, 257, 327]
[276, 764, 289, 742]
[299, 581, 294, 593]
[341, 649, 348, 639]
[349, 667, 342, 679]
[869, 819, 844, 827]
[897, 480, 897, 499]
[989, 746, 986, 766]
[1014, 329, 1004, 337]
[1039, 254, 1035, 240]
[1123, 89, 1085, 49]
[1125, 241, 1108, 243]
[1126, 538, 1143, 504]
[1267, 1056, 1260, 1088]
[1280, 884, 1282, 873]
[1343, 447, 1354, 448]
[1440, 573, 1449, 572]
[185, 1192, 175, 1192]
[288, 1043, 261, 1028]
[306, 684, 314, 672]
[323, 720, 303, 753]
[325, 613, 302, 602]
[333, 551, 319, 553]
[380, 874, 366, 899]
[388, 485, 386, 475]
[602, 749, 609, 737]
[619, 876, 606, 898]
[710, 614, 692, 607]
[747, 223, 759, 243]
[780, 310, 794, 304]
[868, 803, 867, 785]
[1074, 534, 1086, 512]
[1269, 948, 1254, 947]
[1353, 678, 1353, 695]
[1364, 1073, 1346, 1111]
[1422, 536, 1423, 518]
[280, 801, 265, 831]
[301, 750, 308, 738]
[356, 624, 365, 611]
[366, 415, 352, 390]
[435, 770, 421, 794]
[468, 777, 452, 768]
[510, 860, 500, 881]
[525, 978, 512, 972]
[730, 807, 716, 810]
[755, 841, 750, 858]
[754, 479, 734, 465]
[783, 758, 803, 751]
[863, 1197, 852, 1195]
[989, 335, 976, 343]
[1005, 673, 1004, 688]
[1085, 48, 1069, 40]
[1452, 832, 1439, 837]
[1483, 604, 1484, 615]
[1528, 571, 1500, 594]
[1542, 366, 1555, 391]
[292, 745, 281, 761]
[292, 638, 279, 632]
[306, 1025, 336, 1043]
[335, 662, 341, 651]
[386, 474, 387, 464]
[417, 543, 424, 529]
[456, 767, 469, 774]
[603, 813, 584, 802]
[596, 374, 609, 369]
[732, 706, 732, 683]
[749, 859, 721, 869]
[1026, 561, 1042, 564]
[1024, 798, 1052, 787]
[1134, 845, 1160, 846]
[1203, 1084, 1164, 1066]
[1254, 234, 1229, 219]
[1342, 1113, 1362, 1072]
[1396, 838, 1374, 836]
[1485, 302, 1472, 294]
[1540, 468, 1536, 489]
[1537, 900, 1572, 830]
[1559, 353, 1567, 363]
[194, 430, 240, 444]
[243, 327, 252, 305]
[311, 705, 317, 694]
[388, 600, 382, 610]
[548, 498, 537, 466]
[586, 800, 605, 811]
[656, 810, 646, 824]
[682, 879, 710, 870]
[769, 827, 783, 824]
[943, 484, 935, 510]
[1185, 562, 1134, 564]
[1266, 425, 1268, 414]
[1352, 758, 1352, 769]
[1546, 148, 1509, 148]
[1538, 434, 1538, 451]
[1536, 594, 1576, 576]
[1609, 447, 1597, 430]
[228, 1008, 252, 1020]
[252, 708, 243, 700]
[521, 475, 529, 499]
[741, 1097, 731, 1118]
[999, 339, 1013, 326]
[1021, 780, 1001, 788]
[997, 787, 1020, 777]
[1127, 193, 1157, 172]
[1288, 846, 1286, 856]
[273, 681, 258, 708]
[448, 628, 459, 612]
[669, 721, 658, 737]
[689, 742, 702, 720]
[732, 435, 725, 453]
[812, 571, 805, 593]
[955, 781, 982, 768]
[1008, 581, 1013, 605]
[1020, 997, 955, 927]
[1518, 322, 1530, 328]
[313, 560, 306, 568]
[756, 472, 758, 460]
[1203, 800, 1201, 813]
[1235, 626, 1214, 628]
[1327, 1078, 1350, 1066]
[1509, 752, 1506, 765]
[1535, 909, 1508, 936]
[1537, 332, 1556, 348]
[1601, 814, 1629, 827]
[1748, 768, 1771, 768]
[290, 1038, 299, 1023]
[378, 595, 370, 606]
[428, 753, 403, 741]
[502, 796, 478, 783]
[500, 359, 512, 373]
[1248, 1093, 1236, 1092]
[1251, 1023, 1251, 1001]
[1505, 648, 1532, 644]
[78, 1024, 99, 1034]
[182, 996, 188, 983]
[255, 852, 244, 870]
[442, 579, 426, 601]
[492, 960, 470, 949]
[495, 514, 502, 528]
[501, 807, 488, 833]
[503, 1038, 519, 1044]
[525, 223, 544, 248]
[765, 637, 729, 622]
[946, 778, 947, 787]
[1074, 650, 1071, 674]
[1178, 182, 1222, 212]
[1311, 498, 1339, 468]
[1341, 917, 1338, 934]
[1316, 651, 1346, 650]
[1350, 1063, 1343, 1042]
[1502, 589, 1525, 570]
[1622, 826, 1597, 816]
[141, 1081, 148, 1068]
[135, 894, 150, 902]
[189, 836, 167, 825]
[339, 749, 343, 742]
[363, 996, 350, 1019]
[378, 610, 386, 597]
[401, 577, 395, 587]
[528, 403, 512, 389]
[739, 704, 763, 693]
[759, 814, 755, 833]
[799, 803, 796, 820]
[881, 446, 865, 435]
[951, 923, 907, 875]
[909, 873, 1017, 989]
[1088, 47, 1117, 77]
[1131, 341, 1106, 357]
[1280, 78, 1290, 70]
[1477, 601, 1476, 613]
[200, 821, 192, 836]
[351, 640, 342, 651]
[366, 615, 359, 626]
[499, 841, 513, 836]
[518, 1048, 511, 1043]
[1032, 726, 1031, 737]
[1197, 147, 1184, 156]
[1218, 213, 1182, 189]
[1312, 420, 1304, 400]
[1306, 398, 1316, 422]
[1369, 81, 1379, 67]
[1430, 75, 1417, 88]
[316, 675, 310, 683]
[393, 585, 399, 575]
[426, 431, 443, 435]
[703, 724, 691, 746]
[789, 717, 809, 709]
[988, 354, 999, 339]
[1020, 166, 1007, 150]
[1164, 166, 1176, 158]
[1256, 534, 1264, 514]
[1370, 1056, 1353, 1066]
[1373, 1050, 1435, 998]
[1470, 574, 1454, 573]
[1498, 309, 1487, 306]
[1499, 941, 1534, 906]
[56, 1001, 65, 1019]
[170, 1027, 165, 1038]
[187, 845, 182, 856]
[408, 1000, 392, 1031]
[461, 883, 451, 901]
[542, 250, 522, 224]
[579, 564, 609, 562]
[716, 713, 730, 708]
[766, 441, 761, 454]
[818, 531, 816, 545]
[1180, 519, 1200, 523]
[1258, 98, 1271, 86]
[1347, 709, 1347, 731]
[1355, 448, 1364, 436]
[1408, 1024, 1370, 1055]
[1434, 629, 1473, 614]
[1553, 405, 1539, 415]
[184, 788, 194, 774]
[379, 1055, 372, 1069]
[505, 936, 483, 925]
[549, 821, 528, 810]
[692, 785, 675, 789]
[711, 603, 712, 585]
[796, 903, 781, 908]
[866, 876, 890, 868]
[952, 744, 988, 736]
[1056, 788, 1026, 800]
[1281, 391, 1300, 390]
[1473, 291, 1488, 301]
[1520, 421, 1533, 414]
[50, 293, 60, 291]
[164, 979, 188, 967]
[302, 567, 311, 557]
[346, 1019, 329, 1011]
[389, 1030, 402, 1005]
[408, 395, 416, 399]
[387, 671, 409, 629]
[621, 587, 630, 573]
[685, 751, 664, 740]
[708, 709, 726, 676]
[820, 817, 804, 821]
[1028, 878, 1028, 900]
[1104, 207, 1088, 217]
[1554, 352, 1539, 336]
[1570, 368, 1579, 384]
[177, 858, 186, 843]
[224, 731, 234, 737]
[263, 872, 257, 885]
[384, 1004, 389, 1020]
[511, 923, 520, 909]
[526, 753, 532, 742]
[621, 862, 609, 855]
[893, 613, 898, 600]
[1017, 989, 1035, 1002]
[224, 908, 230, 896]
[386, 573, 390, 565]
[484, 444, 509, 422]
[541, 566, 531, 570]
[867, 433, 882, 443]
[1006, 316, 994, 330]
[1049, 744, 1030, 752]
[1096, 491, 1118, 451]
[1420, 258, 1437, 269]
[1519, 341, 1477, 314]
[1512, 321, 1498, 310]
[356, 648, 362, 639]
[770, 589, 777, 598]
[798, 951, 819, 944]
[848, 474, 866, 477]
[1618, 457, 1611, 450]
[191, 984, 183, 1000]
[191, 831, 198, 818]
[262, 1024, 284, 1039]
[359, 1069, 374, 1045]
[405, 564, 412, 551]
[522, 910, 513, 926]
[535, 1026, 525, 1044]
[555, 929, 541, 953]
[1182, 188, 1165, 172]
[1340, 472, 1310, 503]
[1385, 864, 1397, 843]
[313, 996, 325, 973]
[327, 655, 319, 665]
[376, 619, 368, 634]
[393, 926, 406, 911]
[477, 357, 458, 339]
[504, 382, 482, 362]
[646, 773, 658, 781]
[1140, 1054, 1124, 1046]
[1413, 846, 1399, 862]
[1403, 853, 1413, 843]
[1447, 297, 1393, 270]
[1556, 393, 1563, 403]
[199, 775, 188, 785]
[338, 774, 329, 790]
[1426, 575, 1427, 601]
[1533, 357, 1519, 343]
[269, 538, 277, 553]
[414, 553, 408, 566]
[508, 427, 487, 445]
[481, 781, 500, 792]
[508, 970, 498, 964]
[1221, 129, 1204, 143]
[1392, 539, 1398, 517]
[84, 790, 78, 813]
[359, 510, 345, 501]
[349, 1015, 361, 993]
[387, 1025, 380, 1036]
[421, 790, 433, 767]
[447, 442, 434, 457]
[473, 861, 461, 883]
[1087, 515, 1078, 532]
[1222, 125, 1239, 112]
[1356, 1062, 1372, 1051]
[201, 813, 218, 779]
[250, 1023, 237, 1015]
[677, 772, 667, 786]
[832, 939, 850, 934]
[1202, 141, 1219, 127]
[1241, 114, 1225, 127]
[1309, 57, 1294, 69]
[1525, 614, 1511, 598]
[1514, 597, 1527, 613]
[1513, 333, 1535, 354]
[795, 814, 798, 799]
[924, 960, 922, 941]
[1072, 721, 1097, 709]
[1182, 154, 1193, 146]
[1399, 846, 1392, 858]
[1442, 88, 1433, 76]
[260, 419, 265, 404]
[310, 715, 298, 732]
[314, 668, 324, 653]
[435, 846, 417, 836]
[575, 455, 622, 499]
[665, 784, 675, 768]
[856, 854, 859, 872]
[1341, 954, 1353, 948]
[1413, 85, 1424, 79]
[1435, 74, 1442, 83]
[1512, 703, 1511, 740]
[1602, 719, 1602, 734]
[257, 324, 288, 339]
[308, 998, 284, 983]
[327, 976, 316, 997]
[338, 591, 326, 613]
[618, 499, 573, 456]
[901, 602, 895, 614]
[1102, 547, 1108, 524]
[1322, 42, 1311, 55]
[1562, 734, 1562, 753]
[395, 736, 370, 723]
[481, 482, 498, 508]
[900, 580, 904, 569]
[1273, 88, 1261, 100]
[398, 840, 383, 866]
[614, 818, 610, 827]
[635, 627, 618, 655]
[690, 679, 676, 683]
[348, 499, 361, 508]
[430, 590, 438, 580]
[1379, 231, 1389, 232]
[1720, 1215, 1710, 1216]
[1121, 452, 1098, 494]
[663, 786, 648, 778]
[1203, 640, 1202, 655]
[1401, 508, 1408, 475]
[1434, 270, 1418, 260]
[472, 858, 481, 843]
[728, 677, 709, 712]
[1036, 533, 1025, 551]
[1161, 848, 1141, 848]
[1454, 535, 1440, 538]
[1514, 621, 1495, 624]
[365, 895, 376, 876]
[906, 438, 914, 422]
[916, 423, 909, 440]
[1023, 753, 1046, 742]
[371, 266, 367, 279]
[460, 337, 475, 351]
[483, 846, 473, 861]
[944, 811, 980, 776]
[1345, 1041, 1352, 1060]
[1563, 409, 1553, 393]
[257, 705, 268, 685]
[407, 913, 397, 927]
[433, 858, 419, 885]
[523, 1043, 533, 1023]
[660, 731, 667, 718]
[733, 748, 733, 771]
[1046, 733, 1060, 725]
[1293, 68, 1320, 41]
[1375, 679, 1365, 684]
[1398, 579, 1367, 593]
[1479, 313, 1512, 332]
[1590, 715, 1590, 734]
[425, 954, 416, 967]
[472, 481, 458, 495]
[503, 946, 496, 959]
[513, 386, 525, 397]
[873, 906, 895, 878]
[1169, 172, 1179, 181]
[1256, 103, 1243, 113]
[1386, 75, 1398, 82]
[1500, 943, 1495, 948]
[273, 627, 289, 634]
[313, 352, 294, 344]
[322, 893, 309, 919]
[483, 388, 493, 399]
[534, 980, 544, 988]
[590, 487, 608, 503]
[676, 766, 683, 755]
[943, 540, 936, 559]
[1393, 543, 1379, 543]
[1446, 993, 1410, 1023]
[1566, 537, 1538, 562]
[206, 672, 229, 689]
[291, 957, 280, 978]
[874, 665, 872, 680]
[1086, 214, 1102, 206]
[1345, 423, 1323, 424]
[1365, 629, 1378, 625]
[453, 735, 446, 747]
[549, 1002, 541, 1014]
[744, 1091, 754, 1084]
[1370, 892, 1345, 893]
[1451, 305, 1437, 327]
[1495, 949, 1445, 994]
[1436, 998, 1498, 943]
[1536, 560, 1564, 535]
[118, 1026, 110, 1042]
[307, 916, 318, 894]
[468, 318, 452, 331]
[484, 360, 502, 377]
[847, 886, 825, 894]
[947, 789, 928, 799]
[1192, 465, 1178, 453]
[222, 780, 213, 795]
[267, 930, 281, 940]
[322, 712, 328, 706]
[328, 965, 338, 948]
[457, 364, 443, 352]
[449, 1263, 473, 1262]
[536, 965, 528, 978]
[843, 727, 847, 710]
[1098, 677, 1078, 676]
[1175, 658, 1155, 657]
[1280, 697, 1288, 697]
[1370, 426, 1382, 412]
[1742, 1158, 1742, 1141]
[1729, 1263, 1753, 1262]
[278, 665, 289, 643]
[323, 883, 337, 858]
[338, 861, 326, 885]
[339, 345, 334, 358]
[513, 937, 534, 949]
[528, 894, 538, 878]
[540, 949, 553, 927]
[688, 677, 702, 655]
[823, 891, 856, 880]
[1236, 608, 1237, 624]
[1247, 955, 1244, 945]
[1399, 524, 1394, 542]
[1391, 393, 1418, 354]
[1554, 599, 1564, 623]
[326, 747, 333, 732]
[444, 745, 454, 728]
[564, 678, 570, 665]
[1168, 461, 1157, 482]
[1535, 417, 1521, 423]
[229, 692, 205, 674]
[579, 647, 595, 618]
[610, 751, 619, 758]
[708, 790, 708, 809]
[932, 561, 939, 545]
[1364, 936, 1357, 947]
[133, 241, 122, 224]
[480, 226, 468, 232]
[527, 501, 519, 478]
[538, 464, 550, 497]
[751, 638, 736, 662]
[1020, 639, 1033, 636]
[1137, 522, 1127, 541]
[1417, 163, 1425, 182]
[163, 831, 146, 861]
[326, 608, 336, 588]
[563, 523, 545, 530]
[596, 622, 581, 649]
[632, 450, 643, 437]
[713, 855, 713, 869]
[1335, 623, 1316, 624]
[1420, 355, 1394, 395]
[497, 511, 480, 485]
[858, 879, 854, 858]
[1156, 479, 1170, 453]
[1353, 947, 1362, 935]
[456, 1023, 442, 1015]
[600, 911, 573, 920]
[703, 657, 690, 679]
[736, 657, 749, 636]
[872, 723, 871, 703]
[992, 762, 1003, 756]
[1102, 707, 1117, 700]
[1577, 548, 1579, 564]
[400, 785, 388, 777]
[1219, 397, 1203, 413]
[1242, 111, 1253, 102]
[1265, 429, 1253, 429]
[142, 860, 130, 852]
[319, 797, 313, 811]
[394, 763, 405, 760]
[463, 724, 487, 736]
[485, 923, 501, 932]
[590, 929, 582, 941]
[625, 412, 614, 412]
[666, 737, 683, 747]
[841, 701, 822, 709]
[955, 705, 972, 674]
[1560, 620, 1552, 600]
[54, 855, 61, 844]
[258, 820, 259, 830]
[291, 646, 280, 667]
[619, 825, 614, 836]
[835, 830, 800, 843]
[798, 840, 831, 829]
[1106, 205, 1117, 198]
[1178, 320, 1178, 349]
[1206, 1083, 1226, 1088]
[1200, 413, 1216, 397]
[1225, 1090, 1204, 1085]
[1451, 571, 1474, 572]
[416, 793, 403, 785]
[457, 492, 468, 482]
[1321, 421, 1344, 421]
[1483, 557, 1499, 554]
[486, 739, 461, 726]
[488, 876, 473, 869]
[545, 427, 566, 447]
[660, 610, 651, 624]
[1572, 440, 1574, 458]
[1569, 619, 1583, 614]
[294, 634, 306, 612]
[515, 358, 526, 343]
[588, 525, 614, 526]
[616, 653, 631, 628]
[733, 783, 732, 805]
[1173, 522, 1144, 524]
[1368, 508, 1367, 528]
[123, 221, 135, 240]
[752, 1088, 742, 1097]
[875, 430, 890, 432]
[897, 880, 875, 908]
[1131, 396, 1131, 374]
[1306, 1023, 1289, 1022]
[1338, 875, 1338, 891]
[1563, 148, 1548, 148]
[336, 515, 317, 546]
[821, 707, 848, 697]
[1064, 727, 1040, 739]
[1196, 698, 1174, 697]
[1430, 735, 1456, 736]
[310, 810, 318, 796]
[1071, 509, 1087, 500]
[1538, 821, 1575, 822]
[107, 574, 109, 586]
[279, 942, 265, 933]
[316, 543, 333, 513]
[488, 828, 498, 806]
[607, 851, 619, 858]
[1363, 443, 1356, 451]
[1455, 323, 1463, 312]
[540, 879, 530, 896]
[604, 503, 588, 489]
[644, 439, 633, 452]
[1215, 266, 1206, 272]
[1394, 404, 1405, 412]
[1465, 314, 1456, 326]
[399, 731, 410, 710]
[244, 730, 252, 715]
[278, 977, 289, 957]
[343, 938, 353, 918]
[549, 256, 565, 276]
[574, 957, 565, 970]
[1383, 413, 1372, 428]
[1369, 589, 1389, 580]
[488, 338, 481, 353]
[1089, 501, 1073, 510]
[1436, 324, 1449, 303]
[1428, 669, 1449, 666]
[1506, 148, 1484, 148]
[1543, 716, 1567, 730]
[211, 94, 211, 63]
[212, 174, 211, 116]
[213, 61, 213, 94]
[256, 361, 256, 350]
[368, 1059, 360, 1072]
[494, 216, 515, 216]
[609, 528, 599, 528]
[706, 808, 706, 788]
[711, 868, 711, 853]
[731, 770, 731, 748]
[730, 457, 750, 474]
[905, 742, 919, 740]
[1029, 520, 1048, 523]
[1038, 605, 1073, 606]
[1133, 370, 1134, 396]
[1176, 356, 1176, 325]
[1203, 947, 1193, 965]
[1239, 463, 1238, 491]
[1366, 524, 1366, 506]
[1458, 736, 1476, 736]
[1475, 738, 1455, 738]
[1477, 496, 1478, 508]
[480, 351, 486, 336]
[824, 456, 822, 470]
[1046, 525, 1034, 523]
[1072, 594, 1072, 578]
[1148, 708, 1148, 721]
[1203, 674, 1203, 694]
[1236, 493, 1236, 463]
[1336, 895, 1336, 875]
[1454, 738, 1430, 738]
[1488, 832, 1468, 833]
[1551, 823, 1538, 823]
[406, 739, 416, 745]
[872, 691, 873, 704]
[893, 959, 924, 962]
[1070, 490, 1095, 492]
[1201, 685, 1200, 660]
[1299, 1021, 1311, 1020]
[1378, 541, 1388, 541]
[423, 464, 401, 458]
[550, 992, 531, 983]
[730, 799, 731, 781]
[974, 676, 957, 708]
[1191, 971, 1184, 984]
[1515, 822, 1531, 821]
[383, 861, 396, 838]
[621, 801, 627, 790]
[849, 710, 846, 725]
[906, 591, 956, 617]
[1071, 656, 1072, 644]
[335, 733, 330, 744]
[451, 331, 439, 320]
[573, 918, 594, 911]
[612, 834, 618, 823]
[1467, 1004, 1480, 986]
[527, 974, 534, 962]
[937, 961, 937, 939]
[1187, 301, 1200, 291]
[1178, 695, 1200, 695]
[1097, 711, 1073, 723]
[1435, 631, 1413, 632]
[414, 707, 407, 723]
[506, 392, 496, 402]
[706, 645, 717, 627]
[982, 779, 948, 811]
[1477, 655, 1477, 665]
[146, 856, 161, 829]
[307, 615, 295, 637]
[854, 413, 840, 410]
[1423, 183, 1415, 164]
[416, 696, 429, 671]
[543, 528, 562, 521]
[819, 947, 800, 953]
[840, 740, 843, 727]
[924, 797, 944, 788]
[1110, 526, 1104, 547]
[1215, 435, 1208, 446]
[354, 922, 342, 943]
[563, 277, 547, 257]
[561, 657, 548, 667]
[1207, 443, 1213, 432]
[418, 880, 431, 856]
[547, 664, 558, 656]
[1334, 699, 1347, 698]
[340, 950, 330, 967]
[377, 524, 360, 538]
[562, 978, 552, 994]
[1063, 608, 1026, 607]
[1392, 579, 1404, 570]
[435, 216, 493, 216]
[521, 1002, 536, 1009]
[647, 819, 659, 798]
[1762, 460, 1762, 479]
[1479, 819, 1465, 827]
[588, 574, 580, 590]
[921, 903, 912, 892]
[1362, 678, 1361, 661]
[404, 456, 424, 462]
[1395, 806, 1401, 821]
[447, 640, 434, 665]
[551, 1262, 559, 1262]
[552, 944, 560, 928]
[642, 835, 626, 861]
[663, 796, 656, 807]
[715, 407, 725, 407]
[1463, 825, 1477, 817]
[524, 349, 518, 360]
[1132, 750, 1132, 788]
[1373, 762, 1364, 762]
[47, 648, 47, 733]
[955, 620, 904, 593]
[1138, 970, 1137, 945]
[808, 1262, 815, 1262]
[915, 890, 925, 903]
[988, 649, 977, 669]
[1142, 769, 1142, 756]
[1481, 522, 1504, 522]
[1768, 1017, 1760, 1017]
[1347, 649, 1346, 633]
[573, 1192, 546, 1192]
[372, 721, 393, 732]
[405, 783, 416, 790]
[823, 1192, 810, 1192]
[1352, 775, 1352, 784]
[1433, 1192, 1395, 1192]
[1527, 494, 1527, 505]
[1627, 453, 1627, 430]
[1627, 478, 1627, 465]
[1762, 205, 1762, 224]
[1762, 25, 1762, 33]
[1762, 970, 1762, 989]
[308, 1192, 300, 1192]
[1253, 751, 1269, 752]
[1349, 497, 1366, 497]
[1348, 527, 1363, 527]
[64, 1262, 191, 1262]
[320, 1262, 448, 1262]
[373, 1192, 365, 1192]
[576, 1262, 703, 1262]
[611, 562, 633, 561]
[732, 814, 732, 836]
[832, 791, 832, 811]
[818, 1262, 959, 1262]
[1077, 575, 1077, 565]
[1086, 1262, 1215, 1262]
[1200, 914, 1200, 889]
[1212, 708, 1213, 724]
[1288, 662, 1255, 662]
[1281, 982, 1306, 982]
[1292, 569, 1292, 585]
[1319, 367, 1310, 367]
[1327, 728, 1327, 713]
[1333, 1192, 1325, 1192]
[1344, 1262, 1471, 1262]
[1439, 796, 1473, 797]
[1600, 1262, 1726, 1262]
[1749, 512, 1771, 512]
[942, 765, 942, 756]
[1117, 684, 1117, 659]
[1265, 812, 1274, 812]
[1298, 818, 1297, 828]
[1500, 811, 1534, 812]
[1582, 588, 1584, 604]
[573, 941, 574, 956]
[588, 412, 596, 412]
[891, 932, 905, 931]
[1012, 699, 1012, 691]
[1172, 751, 1172, 733]
[1202, 815, 1203, 845]
[1207, 580, 1207, 571]
[1296, 622, 1311, 623]
[1300, 360, 1303, 380]
[1423, 731, 1421, 719]
[1586, 737, 1568, 738]
[1084, 752, 1073, 753]
[1147, 910, 1148, 933]
[1288, 427, 1281, 427]
[376, 785, 365, 804]
[434, 660, 444, 641]
[331, 1009, 340, 1013]
[599, 896, 584, 887]
[1000, 696, 1003, 675]
[1479, 710, 1479, 735]
[1351, 733, 1350, 713]
[1422, 686, 1423, 699]
[1173, 415, 1153, 406]
[380, 957, 391, 933]
[1138, 848, 1124, 848]
[1346, 653, 1318, 653]
[560, 1262, 574, 1263]
[1253, 813, 1264, 812]
[1482, 623, 1481, 604]
[1032, 919, 1032, 906]
[674, 479, 688, 479]
[249, 222, 231, 222]
[1351, 803, 1356, 833]
[1414, 672, 1396, 672]
[1221, 445, 1239, 446]
[1250, 428, 1266, 427]
[365, 800, 374, 784]
[446, 913, 429, 944]
[1099, 594, 1100, 584]
[568, 905, 562, 915]
[1101, 663, 1100, 674]
[1203, 924, 1203, 946]
[1433, 805, 1433, 818]
[304, 931, 295, 947]
[827, 364, 831, 379]
[923, 929, 922, 909]
[1363, 368, 1363, 383]
[811, 874, 809, 859]
[977, 664, 987, 647]
[1099, 578, 1101, 549]
[445, 350, 455, 360]
[263, 375, 274, 391]
[561, 445, 543, 428]
[925, 800, 910, 805]
[427, 942, 443, 913]
[578, 588, 587, 572]
[922, 756, 914, 767]
[851, 933, 864, 917]
[203, 222, 185, 222]
[294, 944, 302, 929]
[471, 527, 483, 527]
[553, 989, 561, 975]
[941, 710, 954, 706]
[1213, 812, 1241, 812]
[1317, 850, 1317, 825]
[1315, 527, 1329, 528]
[1331, 53, 1333, 71]
[1347, 588, 1347, 571]
[1477, 734, 1477, 710]
[1742, 175, 1742, 63]
[1742, 430, 1742, 323]
[1742, 690, 1742, 578]
[1742, 946, 1742, 833]
[1742, 1138, 1742, 1088]
[272, 394, 261, 376]
[102, 954, 123, 965]
[606, 893, 617, 873]
[163, 221, 183, 220]
[316, 917, 322, 907]
[1353, 828, 1349, 806]
[121, 967, 100, 956]
[1282, 357, 1294, 349]
[337, 971, 351, 980]
[1155, 404, 1170, 411]
[1203, 854, 1203, 881]
[1248, 859, 1247, 875]
[866, 919, 857, 930]
[956, 708, 941, 713]
[431, 673, 421, 691]
[1203, 889, 1203, 914]
[358, 535, 372, 525]
[256, 919, 265, 903]
[1103, 551, 1102, 570]
[1088, 635, 1103, 634]
[1035, 906, 1034, 919]
[874, 746, 874, 736]
[1209, 603, 1210, 618]
[16, 1180, 0, 1180]
[85, 44, 103, 44]
[510, 1179, 523, 1179]
[686, 480, 674, 480]
[765, 1179, 778, 1179]
[1230, 725, 1216, 725]
[1361, 865, 1343, 865]
[1354, 586, 1354, 571]
[1355, 571, 1355, 586]
[1589, 731, 1589, 715]
[1760, 1194, 1760, 1209]
[1764, 189, 1764, 56]
[1764, 445, 1764, 308]
[1764, 698, 1764, 565]
[1764, 954, 1764, 823]
[1764, 1146, 1764, 1079]
[1765, 56, 1765, 189]
[1765, 308, 1765, 445]
[1765, 565, 1765, 698]
[1765, 821, 1765, 954]
[1765, 1079, 1765, 1146]
[507, 370, 497, 361]
[1360, 381, 1360, 371]
[183, 223, 163, 223]
[406, 216, 425, 216]
[553, 58, 553, 71]
[609, 558, 590, 558]
[698, 551, 711, 551]
[835, 658, 821, 654]
[846, 974, 846, 956]
[454, 326, 466, 316]
[1424, 524, 1424, 538]
[1200, 879, 1200, 854]
[908, 805, 895, 810]
[1245, 873, 1245, 858]
[1330, 73, 1329, 53]
[298, 596, 314, 605]
[849, 956, 848, 975]
[1200, 943, 1200, 924]
[1463, 799, 1440, 799]
[425, 219, 406, 219]
[550, 71, 550, 58]
[589, 555, 610, 555]
[710, 554, 698, 554]
[1319, 825, 1319, 850]
[1074, 580, 1074, 594]
[1241, 814, 1213, 814]
[1329, 529, 1318, 529]
[1345, 731, 1345, 720]
[1349, 571, 1349, 588]
[1396, 670, 1414, 670]
[1744, 63, 1744, 175]
[1744, 323, 1744, 430]
[1744, 578, 1744, 690]
[1744, 833, 1744, 946]
[1768, 769, 1750, 769]
