[40, 46, 40, 74, 90]
[44, 733, 42, 500, 89.5082028120541]
[45, 410, 46, 534, 89.53794727856925]
[50, 935, 51, 1000, 89.11859600341785]
[50, 1004, 50, 1063, 90]
[103, 46, 43, 44, 1.9091524329963763]
[146, 1130, 66, 1130, -0.0]
[85, 1189, 98, 1189, 0.0]
[175, 1189, 193, 1189, 0.0]
[275, 1180, 234, 1180, -0.0]
[325, 1124, 489, 1122, -0.6986943829834713]
[473, 40, 255, 42, -0.5256346064576132]
[723, 1124, 396, 1126, -0.3504285326541268]
[545, 1189, 573, 1189, 0.0]
[695, 1189, 723, 1189, 0.0]
[769, 34, 853, 34, 0.0]
[810, 1189, 823, 1189, 0.0]
[874, 803, 874, 776, 90]
[875, 1119, 944, 1119, 0.0]
[895, 514, 894, 480, 88.31531568210372]
[1031, 1180, 981, 1181, -1.1457628381751035]
[1055, 1189, 1088, 1189, 0.0]
[1080, 566, 1080, 581, 90]
[1168, 1119, 1105, 1120, -0.9093804491991414]
[1144, 968, 1144, 945, 90]
[1205, 1189, 1233, 1189, 0.0]
[1225, 789, 1238, 789, 0.0]
[1286, 1180, 1270, 1180, -0.0]
[1266, 29, 1479, 28, -0.26899229369648114]
[1396, 124, 1561, 123, -0.3472428970857645]
[1395, 1189, 1433, 1189, 0.0]
[1430, 1114, 1458, 1114, 0.0]
[1580, 1189, 1628, 1189, 0.0]
[1624, 228, 1620, 35, 88.81269268427117]
[1629, 355, 1632, 573, 89.21157573755987]
[1634, 898, 1634, 871, 90]
[1634, 665, 1635, 751, 89.33380002981686]
[1640, 1045, 1640, 1114, 90]
[1686, 1180, 1658, 1180, -0.0]
[1759, 218, 1759, 205, 90]
[1759, 479, 1759, 460, 90]
[1759, 988, 1759, 970, 90]
[1758, 1209, 1759, 1175, -88.31531568210372]
[40, 348, 40, 300, 90]
[230, 1125, 243, 1125, 0.0]
[260, 1125, 318, 1125, 0.0]
[673, 38, 560, 39, -0.5070290609147755]
[770, 1120, 808, 1120, 0.0]
[1059, 34, 760, 37, -0.5748547522429525]
[1090, 34, 1074, 34, -0.0]
[1119, 34, 1093, 33, 2.2025981617658057]
[1121, 799, 1115, 716, 85.86532862626359]
[1140, 790, 1200, 791, 0.9548412538721887]
[1200, 624, 1199, 600, 87.61405596961119]
[1235, 30, 1264, 30, 0.0]
[1273, 559, 1211, 561, -1.8476102659945959]
[1269, 984, 1254, 986, -7.594643368591445]
[1340, 1019, 1340, 1001, 90]
[1349, 786, 1349, 775, 90]
[1354, 598, 1354, 616, 90]
[1460, 1189, 1488, 1189, 0.0]
[1558, 645, 1561, 663, 80.53767779197439]
[1583, 684, 1565, 684, -0.0]
[1584, 536, 1586, 564, 85.91438322002512]
[1624, 35, 1624, 83, 90]
[1625, 85, 1628, 228, 88.79816693554788]
[1629, 573, 1627, 485, 88.69804732742112]
[1639, 1010, 1639, 1043, 90]
[1759, 33, 1759, 20, 90]
[45, 833, 45, 795, 90]
[50, 858, 49, 872, -85.91438322002512]
[50, 873, 49, 903, -88.09084756700362]
[193, 1179, 85, 1179, -0.0]
[281, 591, 279, 575, 82.87498365109819]
[458, 1179, 290, 1179, -0.0]
[389, 464, 391, 485, 84.5596679689945]
[471, 1190, 450, 1191, -2.726310993906266]
[718, 1179, 545, 1179, -0.0]
[571, 415, 560, 415, -0.0]
[710, 35, 723, 35, 0.0]
[978, 1179, 800, 1179, -0.0]
[988, 1264, 800, 1264, -0.0]
[868, 731, 869, 743, 85.23635830927383]
[1233, 1179, 1055, 1179, -0.0]
[1243, 1264, 1055, 1264, -0.0]
[1129, 689, 1129, 643, 90]
[1200, 1115, 1223, 1115, 0.0]
[1230, 1115, 1243, 1115, 0.0]
[1251, 258, 1274, 254, -9.865806943084369]
[1280, 1115, 1308, 1115, 0.0]
[1276, 255, 1293, 255, 0.0]
[1395, 454, 1406, 454, 0.0]
[1541, 1180, 1490, 1181, -1.123302714075429]
[1599, 31, 1346, 32, -0.2264643523411843]
[1591, 643, 1588, 613, 84.28940686250037]
[1618, 30, 1601, 30, -0.0]
[1625, 283, 1625, 260, 90]
[1635, 968, 1635, 930, 90]
[1768, 259, 1750, 259, -0.0]
[1759, 733, 1759, 715, 90]
[1756, 1014, 1768, 1014, 0.0]
[393, 499, 394, 509, 84.28940686250037]
[394, 520, 395, 530, 84.28940686250037]
[490, 419, 480, 420, -5.710593137499643]
[528, 1180, 460, 1181, -0.8425242607404146]
[606, 502, 622, 504, 7.125016348901798]
[725, 410, 715, 409, 5.710593137499643]
[734, 719, 733, 738, -86.98721249581665]
[735, 684, 734, 708, -87.61405596961119]
[783, 1180, 721, 1181, -0.9240453527727062]
[765, 64, 748, 64, -0.0]
[915, 1194, 935, 1193, -2.8624052261117474]
[983, 513, 1029, 519, 7.431407971172507]
[1025, 858, 1025, 846, 90]
[1093, 314, 1075, 314, -0.0]
[1129, 603, 1129, 585, 90]
[1154, 561, 1190, 558, -4.763641690726177]
[1270, 1026, 1268, 1009, 83.29016319224307]
[1330, 257, 1349, 260, 8.972626614896393]
[1574, 498, 1572, 476, 84.8055710922652]
[219, 80, 219, 65, 90]
[419, 510, 419, 495, 90]
[689, 525, 690, 513, -85.23635830927383]
[828, 555, 810, 555, -0.0]
[955, 1189, 983, 1189, 0.0]
[1146, 1061, 1158, 1060, -4.763641690726177]
[1266, 229, 1283, 227, -6.709836807756933]
[1271, 625, 1244, 628, -6.340191745909909]
[1267, 723, 1279, 724, 4.763641690726177]
[1276, 624, 1291, 624, 0.0]
[1324, 260, 1310, 260, -0.0]
[1351, 555, 1333, 555, -0.0]
[1594, 745, 1594, 758, 90]
[1739, 1170, 1739, 1193, 90]
[425, 479, 424, 464, 86.18592516570965]
[509, 570, 455, 572, -2.1210963966614536]
[733, 1264, 545, 1264, -0.0]
[731, 512, 749, 514, 6.340191745909909]
[1350, 748, 1350, 736, 90]
[1549, 406, 1548, 396, 84.28940686250037]
[1241, 781, 1240, 750, 88.15238973400541]
[1373, 876, 1374, 890, 85.91438322002512]
[1488, 590, 1501, 590, 0.0]
[1608, 424, 1595, 424, -0.0]
[473, 1264, 290, 1264, -0.0]
[1460, 1113, 1472, 1114, 4.763641690726177]
[1545, 800, 1513, 800, -0.0]
[1753, 1264, 1570, 1264, -0.0]
[218, 1264, 35, 1264, -0.0]
[1030, 734, 1031, 705, -88.02506598911802]
[1303, 789, 1324, 789, 0.0]
[1498, 1264, 1315, 1264, -0.0]
[1129, 743, 1129, 710, 90]
[1310, 227, 1334, 231, 9.462322208025617]
[1329, 765, 1329, 754, 90]
[1378, 125, 1394, 125, 0.0]
[878, 533, 856, 530, 7.765166018425334]
[1030, 67, 1027, 46, 81.86989764584403]
[1443, 504, 1465, 504, 0.0]
[250, 499, 251, 510, 84.8055710922652]
[745, 900, 745, 919, 90]
[1015, 565, 980, 569, -6.519801751656986]
[1065, 736, 1073, 789, 81.41637851988605]
[1081, 221, 1096, 220, -3.8140748342903548]
[1286, 865, 1281, 898, -81.3843518158359]
[1075, 545, 1075, 556, 90]
[1590, 434, 1593, 470, 85.23635830927383]
[1053, 520, 1054, 503, -86.63353933657021]
[1267, 455, 1266, 499, -88.69804732742112]
[558, 370, 543, 370, -0.0]
[656, 460, 639, 460, -0.0]
[710, 819, 710, 831, 90]
[921, 679, 935, 679, 0.0]
[984, 604, 1009, 604, 0.0]
[1099, 609, 1099, 595, 90]
[1104, 781, 1103, 766, 86.18592516570965]
[1121, 600, 1120, 628, -87.95459151111278]
[1113, 310, 1144, 308, -3.6913859864512752]
[1128, 579, 1129, 566, -85.60129464500447]
[1164, 221, 1131, 220, 1.735704588928389]
[1146, 745, 1135, 745, -0.0]
[1161, 630, 1136, 630, -0.0]
[1166, 263, 1164, 249, 81.86989764584403]
[1178, 496, 1161, 495, 3.3664606634298013]
[1186, 444, 1205, 444, 0.0]
[1163, 656, 1198, 653, -4.899092453787765]
[1198, 548, 1199, 533, -86.18592516570965]
[1205, 744, 1205, 765, 90]
[1215, 494, 1234, 494, 0.0]
[1231, 520, 1218, 520, -0.0]
[1224, 910, 1224, 894, 90]
[1234, 601, 1234, 569, 90]
[1245, 1179, 1263, 1179, 0.0]
[1289, 544, 1287, 513, 86.30861401354873]
[1289, 695, 1289, 668, 90]
[1289, 748, 1289, 734, 90]
[1345, 700, 1305, 700, -0.0]
[1303, 554, 1318, 554, 0.0]
[1313, 1019, 1314, 991, -87.95459151111278]
[1343, 864, 1383, 864, 0.0]
[1373, 699, 1419, 699, 0.0]
[1444, 700, 1429, 700, -0.0]
[1474, 650, 1474, 625, 90]
[1479, 433, 1481, 450, 83.29016319224307]
[1519, 493, 1519, 466, 90]
[1535, 70, 1535, 86, 90]
[1540, 456, 1541, 468, 85.23635830927383]
[1558, 779, 1559, 763, -86.42366562500266]
[1635, 1179, 1663, 1179, 0.0]
[214, 209, 214, 193, 90]
[696, 490, 694, 504, -81.86989764584403]
[797, 468, 795, 483, -82.40535663140855]
[812, 726, 808, 750, -80.53767779197439]
[1109, 814, 1106, 790, 82.87498365109819]
[1244, 838, 1244, 823, 90]
[1364, 500, 1346, 499, 3.179830119864234]
[1375, 835, 1400, 835, 0.0]
[1450, 666, 1473, 664, -4.969740728110304]
[360, 281, 361, 295, 85.91438322002512]
[1166, 309, 1145, 311, -5.440332031005506]
[1260, 789, 1283, 789, 0.0]
[1273, 501, 1298, 504, 6.84277341263094]
[1331, 900, 1313, 900, -0.0]
[1364, 435, 1362, 403, 86.42366562500266]
[1390, 769, 1390, 785, 90]
[793, 891, 794, 880, -84.8055710922652]
[818, 478, 821, 455, -82.5685920288275]
[949, 930, 932, 932, -6.709836807756933]
[1152, 977, 1183, 981, 7.3523793598923595]
[1203, 725, 1174, 726, -1.9749340108819768]
[1230, 1038, 1228, 993, 87.4551956201869]
[1475, 548, 1476, 574, 87.7974018382342]
[1531, 757, 1529, 776, -83.99099404250549]
[0, 1179, 23, 1179, 0.0]
[184, 220, 218, 219, -1.6846843178962914]
[233, 220, 263, 219, -1.9091524329963763]
[885, 911, 885, 960, 90]
[770, 880, 772, 893, 81.2538377374448]
[1283, 855, 1284, 844, -84.8055710922652]
[1596, 354, 1614, 352, -6.340191745909909]
[1067, 705, 1064, 727, -82.23483398157467]
[760, 795, 764, 771, -80.53767779197439]
[1159, 246, 1136, 246, -0.0]
[1221, 364, 1218, 346, 80.53767779197439]
[630, 460, 625, 490, -80.53767779197439]
[922, 406, 920, 418, -80.53767779197439]
[1254, 945, 1266, 946, 4.763641690726177]
[1400, 822, 1429, 818, -7.85331330197822]
[1513, 524, 1479, 524, -0.0]
[1277, 374, 1270, 416, -80.53767779197439]
[1576, 814, 1536, 812, 2.8624052261117474]
[863, 891, 866, 918, 83.6598082540901]
[1069, 673, 1070, 660, -85.60129464500447]
[1273, 754, 1260, 754, -0.0]
[599, 565, 583, 565, -0.0]
[1744, 1088, 1744, 1158, 90]
[1288, 814, 1253, 814, -0.0]
[613, 410, 624, 410, 0.0]
[993, 895, 1011, 893, -6.340191745909909]
[1535, 446, 1536, 433, -85.60129464500447]
[1519, 649, 1500, 649, -0.0]
[214, 136, 214, 156, 90]
[214, 159, 214, 175, 90]
[624, 564, 601, 564, -0.0]
[730, 835, 730, 818, 90]
[754, 555, 769, 555, 0.0]
[802, 594, 790, 592, 9.462322208025617]
[830, 813, 830, 790, 90]
[939, 945, 939, 958, 90]
[1174, 736, 1174, 748, 90]
[1200, 835, 1200, 814, 90]
[1235, 621, 1234, 608, 85.60129464500447]
[1256, 660, 1286, 660, 0.0]
[1308, 984, 1283, 984, -0.0]
[1285, 1020, 1296, 1020, 0.0]
[1290, 585, 1290, 569, 90]
[1309, 365, 1328, 365, 0.0]
[1363, 529, 1349, 529, -0.0]
[1531, 824, 1515, 825, -3.5763343749973515]
[1538, 146, 1563, 145, -2.2906100426385296]
[1639, 1189, 1621, 1191, -6.340191745909909]
[1768, 514, 1750, 514, -0.0]
[213, 110, 214, 134, 87.61405596961119]
[760, 520, 758, 534, -81.86989764584403]
[1329, 713, 1329, 730, 90]
[1413, 630, 1433, 630, 0.0]
[1510, 736, 1510, 703, 90]
[715, 580, 713, 604, -85.23635830927383]
[1469, 534, 1455, 534, -0.0]
[1471, 699, 1446, 699, -0.0]
[493, 530, 471, 529, 2.6025622024998065]
[893, 435, 875, 433, 6.340191745909909]
[923, 965, 892, 961, 7.3523793598923595]
[1092, 495, 1066, 492, 6.581944655178011]
[1281, 425, 1296, 424, -3.8140748342903548]
[1363, 659, 1364, 676, 86.63353933657021]
[1475, 513, 1475, 496, 90]
[715, 69, 714, 85, -86.42366562500266]
[1155, 695, 1165, 694, -5.710593137499643]
[1200, 653, 1200, 640, 90]
[1276, 549, 1264, 549, -0.0]
[1301, 858, 1318, 860, 6.709836807756933]
[1477, 761, 1479, 747, -81.86989764584403]
[924, 904, 924, 926, 90]
[1301, 1042, 1281, 1040, 5.710593137499643]
[1581, 604, 1580, 588, 86.42366562500266]
[934, 740, 902, 745, -8.880659150520245]
[1424, 719, 1424, 735, 90]
[1300, 380, 1298, 360, 84.28940686250037]
[1203, 794, 1186, 792, 6.709836807756933]
[520, 218, 436, 219, -0.6820603931726519]
[1479, 146, 1519, 146, 0.0]
[1520, 145, 1535, 146, 3.8140748342903548]
[1216, 724, 1238, 724, 0.0]
[1474, 614, 1475, 601, -85.60129464500447]
[1505, 620, 1523, 617, -9.462322208025617]
[1572, 468, 1569, 438, 84.28940686250037]
[821, 943, 819, 925, 83.6598082540901]
[48, 1129, 47, 1041, 89.34893961977052]
[1636, 754, 1637, 898, 89.60211903816541]
[98, 1192, 41, 1191, 1.005086005254181]
[391, 1126, 325, 1127, -0.8680514497455425]
[1473, 1113, 1614, 1113, 0.0]
[41, 479, 41, 410, 90]
[526, 1121, 723, 1121, 0.0]
[946, 1118, 1068, 1118, 0.0]
[1599, 720, 1597, 708, 80.53767779197439]
[83, 1181, 19, 1181, -0.0]
[38, 186, 37, 106, 89.28384005452959]
[46, 536, 46, 609, 90]
[64, 1131, 50, 1131, -0.0]
[135, 1126, 148, 1126, 0.0]
[225, 1181, 195, 1181, -0.0]
[194, 1263, 218, 1261, -4.763641690726177]
[266, 38, 329, 37, -0.9093804491991414]
[288, 1181, 275, 1181, -0.0]
[424, 36, 473, 36, 0.0]
[543, 1181, 530, 1181, -0.0]
[798, 1181, 785, 1181, -0.0]
[796, 509, 798, 490, -83.99099404250549]
[1313, 1181, 1289, 1181, -0.0]
[1329, 31, 1263, 32, -0.8680514497455425]
[1377, 723, 1376, 758, -88.36342295838327]
[1433, 127, 1383, 127, -0.0]
[1474, 1263, 1498, 1261, -4.763641690726177]
[1568, 1181, 1544, 1181, -0.0]
[1638, 1116, 1565, 1116, -0.0]
[1614, 752, 1628, 750, -8.130102354155978]
[1751, 798, 1753, 783, -82.40535663140855]
[41, 76, 41, 128, 90]
[290, 1261, 318, 1263, 4.085616779974877]
[950, 259, 974, 255, -9.462322208025617]
[1235, 696, 1217, 697, -3.179830119864234]
[1570, 1261, 1598, 1263, 4.085616779974877]
[36, 1261, 61, 1263, 4.573921259900861]
[491, 1122, 524, 1121, -1.735704588928389]
[1026, 898, 1025, 874, 87.61405596961119]
[1053, 1181, 1041, 1181, -0.0]
[1109, 313, 1099, 312, 5.710593137499643]
[1193, 33, 1121, 33, -0.0]
[1133, 270, 1133, 255, 90]
[1231, 1262, 1243, 1261, -4.763641690726177]
[1290, 1176, 1498, 1176, 0.0]
[1316, 1261, 1341, 1263, 4.573921259900861]
[1626, 404, 1626, 355, 90]
[1118, 656, 1116, 638, 83.6598082540901]
[1625, 1113, 1636, 1113, 0.0]
[781, 720, 780, 706, 85.91438322002512]
[243, 479, 240, 460, 81.02737338510362]
[1055, 1261, 1085, 1263, 3.8140748342903548]
[1208, 228, 1193, 226, 7.594643368591445]
[1430, 63, 1443, 61, -8.74616226255521]
[228, 712, 226, 724, -80.53767779197439]
[671, 840, 671, 851, 90]
[719, 1262, 733, 1261, -4.085616779974877]
[1056, 774, 1056, 785, 90]
[1376, 441, 1389, 443, 8.74616226255521]
[1476, 780, 1476, 796, 90]
[1588, 766, 1568, 766, -0.0]
[1100, 751, 1086, 752, -4.085616779974877]
[1310, 901, 1290, 904, -8.530765609948133]
[1425, 598, 1423, 574, 85.23635830927383]
[1000, 243, 1013, 242, -4.398705354995532]
[1118, 221, 1107, 222, -5.194428907734806]
[1202, 570, 1201, 590, -87.13759477388825]
[1233, 983, 1244, 983, 0.0]
[1247, 968, 1248, 955, -85.60129464500447]
[1268, 974, 1268, 954, 90]
[1479, 27, 1608, 27, 0.0]
[636, 766, 626, 767, -5.710593137499643]
[1294, 1091, 1281, 1093, -8.74616226255521]
[1295, 1067, 1308, 1068, 4.398705354995532]
[989, 746, 986, 766, -81.46923439005188]
[1125, 241, 1108, 243, -6.709836807756933]
[1343, 447, 1354, 448, 5.194428907734806]
[333, 551, 319, 553, -8.130102354155978]
[1353, 678, 1353, 695, 90]
[1422, 536, 1423, 518, -86.82016988013577]
[1005, 673, 1004, 688, -86.18592516570965]
[1134, 845, 1160, 846, 2.2025981617658057]
[756, 472, 758, 460, -80.53767779197439]
[1748, 768, 1771, 768, 0.0]
[1248, 1093, 1236, 1092, 4.763641690726177]
[1316, 651, 1346, 650, -1.9091524329963763]
[848, 474, 866, 477, 9.462322208025617]
[856, 854, 859, 872, 80.53767779197439]
[1562, 734, 1562, 753, 90]
[1379, 231, 1389, 232, 5.710593137499643]
[1720, 1215, 1710, 1216, -5.710593137499643]
[733, 748, 733, 771, 90]
[1393, 543, 1379, 543, -0.0]
[874, 665, 872, 680, -82.40535663140855]
[1345, 423, 1323, 424, -2.6025622024998065]
[449, 1263, 473, 1262, -2.3859440303888126]
[1098, 677, 1078, 676, 2.8624052261117474]
[1742, 1158, 1742, 1141, 90]
[1729, 1263, 1753, 1262, -2.3859440303888126]
[708, 790, 708, 809, 90]
[713, 855, 713, 869, 90]
[1335, 623, 1316, 624, -3.01278750418334]
[872, 723, 871, 703, 87.13759477388825]
[1265, 429, 1253, 429, -0.0]
[258, 820, 259, 830, 84.28940686250037]
[1178, 320, 1178, 349, 90]
[588, 525, 614, 526, 2.2025981617658057]
[733, 783, 732, 805, -87.39743779750019]
[1173, 522, 1144, 524, -3.945186229037563]
[1131, 396, 1131, 374, 90]
[1338, 875, 1338, 891, 90]
[1196, 698, 1174, 697, 2.6025622024998065]
[1430, 735, 1456, 736, 2.2025981617658057]
[107, 574, 109, 586, 80.53767779197439]
[1428, 669, 1449, 666, -8.130102354155978]
[256, 361, 256, 350, 90]
[494, 216, 515, 216, 0.0]
[1038, 605, 1073, 606, 1.6365770416167182]
[1239, 463, 1238, 491, -87.95459151111278]
[1458, 736, 1476, 736, 0.0]
[1148, 708, 1148, 721, 90]
[1203, 674, 1203, 694, 90]
[1488, 832, 1468, 833, -2.8624052261117474]
[47, 648, 47, 733, 90]
[1527, 494, 1527, 505, 90]
[1627, 453, 1627, 430, 90]
[1200, 914, 1200, 889, 90]
[1439, 796, 1473, 797, 1.6846843178962914]
[1298, 818, 1297, 828, -84.28940686250037]
[573, 941, 574, 956, 86.18592516570965]
[1296, 622, 1311, 623, 3.8140748342903548]
[1147, 910, 1148, 933, 87.51044707800085]
[560, 1262, 574, 1263, 4.085616779974877]
[1032, 919, 1032, 906, 90]
[674, 479, 688, 479, 0.0]
[1351, 803, 1356, 833, 80.53767779197439]
[1414, 672, 1396, 672, -0.0]
[1221, 445, 1239, 446, 3.179830119864234]
[1203, 924, 1203, 946, 90]
[1433, 805, 1433, 818, 90]
[1363, 368, 1363, 383, 90]
[811, 874, 809, 859, 82.40535663140855]
[1099, 578, 1101, 549, -86.05481377096244]
[1213, 812, 1241, 812, 0.0]
[1317, 850, 1317, 825, 90]
[1315, 527, 1329, 528, 4.085616779974877]
[1331, 53, 1333, 71, 83.6598082540901]
[1347, 588, 1347, 571, 90]
[1742, 175, 1742, 63, 90]
[1742, 430, 1742, 323, 90]
[1742, 690, 1742, 578, 90]
[1742, 946, 1742, 833, 90]
[163, 221, 183, 220, -2.8624052261117474]
[1203, 854, 1203, 881, 90]
[1248, 859, 1247, 875, -86.42366562500266]
[1088, 635, 1103, 634, -3.8140748342903548]
[85, 44, 103, 44, 0.0]
[510, 1179, 523, 1179, 0.0]
[1764, 189, 1764, 56, 90]
[1764, 445, 1764, 308, 90]
[1764, 698, 1764, 565, 90]
[1764, 954, 1764, 823, 90]
[1764, 1146, 1764, 1079, 90]
[406, 216, 425, 216, 0.0]
[553, 58, 553, 71, 90]
[698, 551, 711, 551, 0.0]
[846, 974, 846, 956, 90]
