[133, 16, 41, 22]
[128, 82, 53, 80]
[180, 9, 193, 9]
[233, 85, 193, 85]
[713, 425, 695, 425]
[719, 1011, 760, 1008]
[898, 97, 770, 95]
[781, 664, 800, 664]
[924, 996, 919, 1065]
[983, 970, 966, 970]
[1039, 100, 1009, 100]
[1030, 1265, 1020, 1265]
[1040, 513, 1039, 523]
[1064, 1404, 1135, 1404]
[1204, 701, 1204, 674]
[1213, 1233, 1214, 1201]
[1229, 774, 1256, 774]
[1334, 1365, 1255, 1365]
[1282, 501, 1225, 495]
[1373, 101, 1286, 100]
[1310, 534, 1331, 534]
[1349, 1160, 1299, 1160]
[1378, 185, 1328, 185]
[1365, 369, 1378, 369]
[1445, 519, 1478, 519]
[1445, 264, 1503, 264]
[161, 10, 178, 10]
[160, 1479, 188, 1479]
[229, 9, 134, 16]
[505, 851, 505, 874]
[660, 940, 660, 915]
[664, 1379, 673, 1379]
[669, 830, 669, 820]
[670, 818, 670, 803]
[723, 1374, 675, 1374]
[755, 793, 754, 756]
[800, 726, 800, 741]
[815, 640, 803, 640]
[935, 175, 935, 135]
[973, 1449, 960, 1449]
[1021, 889, 984, 889]
[989, 1480, 989, 1448]
[1013, 505, 965, 500]
[1055, 828, 1055, 843]
[1060, 568, 1061, 555]
[1094, 669, 1094, 655]
[1104, 565, 1114, 566]
[1150, 776, 1191, 773]
[1186, 449, 1170, 449]
[1181, 905, 1165, 906]
[1210, 729, 1185, 730]
[1185, 1479, 1211, 1479]
[1214, 1304, 1214, 1361]
[1214, 1364, 1214, 1378]
[1215, 1233, 1215, 1301]
[1234, 493, 1279, 498]
[1259, 816, 1273, 815]
[1325, 185, 1248, 184]
[1316, 830, 1338, 830]
[1349, 451, 1368, 449]
[1345, 830, 1373, 830]
[1355, 1380, 1368, 1380]
[1389, 218, 1389, 110]
[1389, 943, 1389, 871]
[1389, 998, 1389, 955]
[1424, 63, 1424, 181]
[1424, 326, 1424, 368]
[1424, 610, 1424, 648]
[1424, 1088, 1424, 1174]
[1458, 754, 1415, 754]
[1446, 1014, 1493, 1014]
[1440, 1479, 1468, 1479]
[1493, 1009, 1451, 1009]
[0, 19, 23, 19]
[0, 555, 23, 556]
[51, 80, 0, 80]
[255, 1379, 278, 1379]
[345, 1379, 388, 1379]
[405, 1263, 405, 1240]
[383, 1076, 442, 1061]
[415, 1479, 443, 1479]
[475, 1379, 528, 1379]
[519, 1168, 518, 1154]
[570, 1379, 583, 1379]
[604, 755, 588, 755]
[635, 719, 635, 704]
[670, 1479, 698, 1479]
[763, 95, 738, 96]
[769, 941, 768, 923]
[786, 1379, 843, 1379]
[798, 916, 780, 913]
[808, 936, 809, 953]
[814, 516, 814, 504]
[836, 520, 825, 520]
[939, 488, 938, 465]
[925, 1479, 953, 1479]
[979, 1203, 979, 1150]
[980, 834, 980, 879]
[985, 965, 984, 919]
[1031, 859, 1041, 859]
[1055, 755, 1036, 755]
[1045, 970, 1045, 998]
[1049, 883, 1054, 821]
[1073, 455, 1060, 455]
[1077, 736, 1063, 735]
[1065, 695, 1074, 695]
[1084, 968, 1085, 934]
[1103, 974, 1091, 974]
[1131, 593, 1129, 668]
[1146, 678, 1165, 681]
[1213, 776, 1195, 774]
[1253, 869, 1235, 869]
[1260, 1380, 1268, 1380]
[1273, 863, 1275, 820]
[1389, 588, 1389, 560]
[1389, 1203, 1389, 1155]
[1424, 1348, 1424, 1368]
[1508, 259, 1435, 259]
[1483, 754, 1475, 754]
[1438, 759, 1513, 759]
[36, 516, 34, 550]
[99, 15, 121, 15]
[174, 729, 243, 714]
[289, 985, 297, 1023]
[472, 785, 470, 804]
[645, 491, 671, 498]
[669, 999, 651, 1001]
[688, 939, 674, 939]
[714, 993, 696, 995]
[709, 1019, 709, 1033]
[721, 453, 720, 460]
[763, 1011, 716, 1015]
[693, 627, 734, 630]
[759, 655, 765, 610]
[790, 724, 790, 733]
[835, 588, 834, 615]
[869, 694, 869, 704]
[895, 1024, 896, 1035]
[890, 94, 898, 94]
[983, 993, 985, 975]
[1030, 1078, 1030, 1069]
[1041, 1030, 1039, 1044]
[1042, 965, 1046, 920]
[1058, 1210, 1049, 1210]
[1062, 601, 1058, 625]
[1060, 640, 1060, 669]
[1061, 754, 1058, 784]
[1095, 524, 1093, 512]
[1104, 1005, 1104, 1013]
[1206, 1459, 1165, 1459]
[1178, 569, 1151, 567]
[1206, 755, 1196, 755]
[1274, 889, 1272, 870]
[1378, 1141, 1220, 1140]
[1298, 773, 1278, 776]
[1285, 574, 1285, 613]
[1275, 773, 1298, 769]
[1336, 551, 1335, 538]
[1350, 1158, 1373, 1159]
[1389, 1258, 1389, 1209]
[1394, 373, 1393, 358]
[1483, 834, 1465, 834]
[1499, 553, 1499, 540]
[1505, 1014, 1513, 1014]
[229, 1519, 208, 1519]
[301, 1519, 280, 1519]
[291, 878, 303, 749]
[457, 885, 458, 850]
[467, 820, 463, 843]
[485, 1519, 463, 1519]
[494, 783, 494, 775]
[495, 755, 496, 765]
[499, 800, 502, 837]
[504, 889, 504, 880]
[558, 1519, 536, 1519]
[648, 734, 630, 731]
[678, 501, 655, 498]
[705, 934, 721, 936]
[730, 1379, 743, 1379]
[741, 1519, 719, 1519]
[796, 765, 804, 805]
[823, 1449, 810, 1449]
[849, 859, 849, 878]
[874, 767, 851, 765]
[884, 694, 870, 693]
[884, 622, 920, 620]
[939, 100, 939, 109]
[941, 454, 943, 488]
[924, 914, 981, 914]
[966, 994, 979, 996]
[991, 420, 1023, 424]
[1033, 799, 1035, 773]
[1043, 589, 1035, 589]
[1058, 551, 1043, 548]
[1151, 1380, 1055, 1379]
[1060, 740, 1060, 750]
[1062, 548, 1066, 515]
[1094, 155, 1083, 155]
[1121, 674, 1100, 674]
[1095, 804, 1119, 805]
[1125, 194, 1144, 194]
[1130, 978, 1156, 981]
[1131, 439, 1144, 439]
[1152, 450, 1150, 469]
[1150, 471, 1175, 475]
[1179, 716, 1179, 701]
[1210, 834, 1210, 853]
[1214, 764, 1213, 755]
[1233, 837, 1212, 832]
[1253, 1519, 1231, 1519]
[1268, 794, 1258, 794]
[1276, 1301, 1275, 1289]
[1334, 508, 1333, 489]
[1384, 463, 1384, 445]
[1394, 668, 1393, 646]
[1434, 1303, 1434, 1313]
[1509, 239, 1488, 239]
[1509, 1519, 1488, 1519]
[46, 1519, 24, 1519]
[613, 92, 531, 90]
[588, 804, 598, 868]
[665, 737, 652, 734]
[660, 764, 658, 751]
[684, 1021, 714, 1015]
[758, 999, 760, 971]
[814, 1519, 793, 1519]
[815, 1469, 828, 1469]
[868, 691, 926, 690]
[903, 416, 908, 366]
[949, 1130, 961, 1129]
[985, 763, 985, 746]
[996, 1519, 975, 1519]
[1030, 846, 1030, 858]
[1070, 1519, 1048, 1519]
[1053, 1173, 1100, 1159]
[1128, 849, 1129, 893]
[1203, 907, 1186, 905]
[1205, 633, 1205, 611]
[1244, 1483, 1244, 1470]
[1280, 496, 1280, 488]
[1326, 1519, 1304, 1519]
[1334, 484, 1335, 470]
[1408, 1444, 1393, 1444]
[1424, 920, 1424, 958]
[609, 725, 609, 739]
[673, 1454, 653, 1454]
[695, 995, 669, 999]
[843, 505, 839, 527]
[839, 738, 853, 739]
[936, 496, 875, 486]
[906, 256, 912, 311]
[1023, 427, 990, 422]
[1078, 451, 1079, 439]
[1139, 658, 1136, 630]
[1139, 763, 1141, 776]
[1280, 669, 1280, 640]
[1333, 462, 1306, 467]
[1342, 391, 1355, 388]
[1449, 573, 1448, 563]
[1499, 808, 1499, 795]
[25, 765, 53, 758]
[250, 1115, 255, 1139]
[377, 722, 363, 767]
[486, 725, 474, 772]
[508, 900, 512, 923]
[523, 799, 500, 799]
[514, 936, 529, 964]
[655, 997, 713, 990]
[721, 815, 749, 801]
[719, 754, 730, 754]
[778, 546, 770, 597]
[796, 786, 769, 796]
[788, 1306, 770, 1304]
[796, 783, 793, 763]
[908, 855, 890, 855]
[932, 543, 934, 510]
[1010, 471, 1000, 469]
[1059, 675, 1061, 693]
[1070, 1469, 1083, 1469]
[1174, 479, 1150, 474]
[1280, 734, 1284, 705]
[1478, 579, 1464, 579]
[123, 14, 161, 10]
[104, 1073, 228, 1041]
[295, 1024, 281, 962]
[517, 540, 490, 537]
[590, 831, 585, 802]
[883, 909, 923, 911]
[968, 141, 970, 160]
[1016, 1162, 1019, 1133]
[1024, 838, 1023, 820]
[1033, 423, 1036, 405]
[1038, 693, 1053, 695]
[1088, 350, 1102, 348]
[1121, 806, 1121, 841]
[425, 516, 411, 513]
[471, 704, 481, 704]
[638, 730, 664, 733]
[787, 952, 803, 956]
[1126, 441, 1085, 439]
[1272, 768, 1276, 748]
[1389, 798, 1389, 770]
[288, 659, 291, 616]
[530, 970, 514, 973]
[910, 311, 903, 256]
[925, 970, 924, 995]
[1009, 161, 1010, 141]
[1040, 1045, 1058, 1046]
[1058, 748, 1058, 700]
[1073, 493, 1070, 508]
[1170, 449, 1150, 444]
[1444, 1318, 1444, 1305]
[13, 667, 0, 658]
[745, 523, 745, 513]
[1023, 449, 1027, 430]
[1156, 564, 1178, 566]
[1276, 808, 1272, 778]
[244, 716, 175, 732]
[419, 574, 399, 649]
[532, 535, 535, 520]
[966, 605, 965, 629]
[1070, 669, 1093, 671]
[1167, 654, 1169, 640]
[36, 496, 60, 501]
[229, 1038, 215, 979]
[465, 790, 416, 802]
[694, 571, 741, 583]
[795, 878, 796, 856]
[1009, 646, 990, 649]
[1023, 1134, 1015, 1179]
[1094, 818, 1094, 806]
[229, 1044, 105, 1076]
[120, 1138, 243, 1109]
[387, 876, 385, 893]
[415, 929, 439, 1024]
[749, 859, 751, 835]
[933, 664, 979, 667]
[982, 1091, 979, 1113]
[980, 1114, 982, 1129]
[1253, 821, 1230, 818]
[1279, 630, 1225, 641]
[1236, 417, 1277, 410]
[1389, 1338, 1389, 1310]
[1440, 1289, 1500, 1289]
[244, 1112, 120, 1142]
[444, 1058, 418, 952]
[540, 499, 535, 537]
[780, 910, 799, 913]
[978, 646, 965, 645]
[1185, 559, 1193, 513]
[1233, 338, 1213, 329]
[1251, 479, 1278, 483]
[1444, 293, 1444, 281]
[1444, 553, 1444, 541]
[184, 1481, 68, 1480]
[255, 478, 231, 555]
[211, 935, 310, 921]
[255, 472, 264, 441]
[299, 1030, 311, 1088]
[440, 1481, 323, 1480]
[384, 764, 449, 746]
[485, 1024, 485, 1049]
[491, 980, 467, 984]
[539, 483, 539, 458]
[688, 1481, 579, 1480]
[668, 801, 640, 799]
[729, 781, 718, 813]
[734, 1473, 734, 1451]
[749, 1038, 769, 1039]
[790, 701, 776, 700]
[800, 933, 798, 917]
[816, 239, 849, 239]
[835, 618, 835, 655]
[833, 883, 848, 884]
[944, 1481, 835, 1480]
[921, 971, 859, 970]
[903, 420, 895, 453]
[919, 1035, 919, 1023]
[945, 1379, 1018, 1379]
[970, 499, 988, 499]
[1021, 970, 990, 971]
[1036, 510, 1014, 505]
[1048, 929, 1045, 965]
[1060, 715, 1060, 730]
[1079, 433, 1079, 413]
[1179, 1480, 1091, 1480]
[1118, 977, 1105, 975]
[1125, 590, 1108, 590]
[1173, 198, 1111, 196]
[1125, 890, 1111, 890]
[1132, 820, 1134, 800]
[1190, 775, 1149, 779]
[1193, 679, 1166, 682]
[1211, 821, 1214, 779]
[1254, 744, 1270, 744]
[1285, 673, 1298, 674]
[1323, 625, 1301, 626]
[1336, 855, 1335, 871]
[1328, 1364, 1361, 1364]
[1338, 536, 1339, 554]
[1276, 1137, 1378, 1138]
[1464, 1481, 1348, 1480]
[1389, 1133, 1389, 1073]
[1444, 38, 1444, 26]
[1436, 9, 1500, 9]
[1498, 1264, 1458, 1264]
[2, 1117, 65, 1014]
[246, 559, 295, 560]
[256, 1140, 270, 1204]
[296, 855, 293, 874]
[305, 731, 305, 743]
[377, 930, 386, 864]
[461, 865, 459, 885]
[421, 683, 485, 698]
[493, 854, 494, 835]
[708, 630, 684, 632]
[749, 880, 749, 868]
[780, 1258, 748, 1254]
[761, 670, 756, 704]
[804, 550, 779, 544]
[844, 666, 815, 665]
[888, 792, 903, 794]
[916, 936, 891, 934]
[924, 963, 924, 940]
[1012, 640, 1018, 614]
[998, 1218, 1015, 1168]
[1119, 828, 1119, 815]
[1135, 809, 1135, 820]
[1159, 757, 1139, 762]
[1158, 830, 1159, 818]
[1166, 680, 1193, 677]
[1330, 139, 1330, 165]
[1389, 335, 1389, 319]
[1389, 623, 1389, 604]
[1499, 38, 1499, 28]
[1499, 1318, 1499, 1308]
[243, 1104, 231, 1045]
[253, 561, 233, 560]
[304, 767, 296, 853]
[436, 1065, 315, 1095]
[338, 869, 384, 860]
[385, 862, 339, 872]
[424, 1156, 416, 1204]
[426, 860, 390, 862]
[484, 700, 441, 690]
[541, 451, 541, 483]
[568, 1459, 555, 1459]
[726, 757, 690, 750]
[753, 1299, 788, 1303]
[800, 663, 800, 638]
[831, 614, 833, 580]
[856, 970, 840, 970]
[858, 1015, 829, 1013]
[979, 1020, 978, 1010]
[985, 608, 986, 623]
[993, 475, 986, 425]
[1015, 120, 1011, 160]
[1031, 430, 1025, 451]
[1025, 819, 1029, 845]
[1026, 669, 1053, 670]
[1061, 1181, 1060, 1206]
[1089, 633, 1088, 618]
[1110, 848, 1112, 860]
[1147, 903, 1159, 904]
[1287, 705, 1284, 728]
[1301, 775, 1300, 795]
[1305, 465, 1334, 459]
[1326, 667, 1346, 663]
[217, 975, 232, 1038]
[234, 1045, 246, 1103]
[267, 1203, 254, 1144]
[342, 1363, 346, 1340]
[397, 655, 391, 674]
[415, 1198, 419, 1169]
[471, 773, 483, 724]
[494, 636, 450, 620]
[654, 500, 657, 514]
[675, 744, 718, 753]
[748, 834, 712, 846]
[745, 663, 719, 665]
[752, 828, 754, 815]
[768, 611, 761, 663]
[753, 1252, 766, 1254]
[797, 734, 800, 715]
[864, 803, 866, 819]
[898, 850, 901, 798]
[930, 746, 930, 758]
[927, 1293, 959, 1299]
[980, 829, 980, 803]
[986, 624, 984, 644]
[989, 968, 1023, 967]
[995, 560, 995, 573]
[959, 99, 1008, 99]
[1017, 628, 1015, 640]
[1040, 427, 1078, 435]
[1096, 703, 1065, 697]
[1087, 730, 1089, 716]
[1079, 188, 1124, 194]
[1087, 970, 1118, 974]
[1176, 474, 1184, 455]
[1213, 923, 1216, 905]
[1220, 640, 1272, 628]
[1279, 742, 1275, 771]
[1334, 569, 1338, 554]
[1336, 566, 1343, 603]
[97, 1074, 84, 1009]
[161, 945, 150, 945]
[309, 1089, 296, 1030]
[317, 1112, 330, 1169]
[415, 608, 463, 621]
[654, 515, 651, 497]
[668, 476, 653, 473]
[680, 908, 665, 914]
[675, 630, 692, 628]
[732, 734, 724, 695]
[701, 900, 748, 882]
[757, 810, 755, 828]
[752, 891, 756, 913]
[890, 249, 860, 242]
[999, 1230, 992, 1259]
[1003, 800, 988, 801]
[1008, 1263, 1064, 1259]
[1073, 384, 1065, 346]
[1090, 543, 1068, 540]
[1211, 560, 1209, 575]
[1340, 604, 1334, 569]
[1351, 664, 1328, 669]
[396, 648, 407, 609]
[527, 779, 524, 796]
[722, 694, 713, 666]
[858, 684, 837, 679]
[856, 762, 874, 764]
[935, 118, 937, 100]
[976, 1115, 981, 1069]
[1008, 498, 1017, 469]
[1109, 864, 1108, 853]
[1263, 299, 1244, 294]
[1454, 504, 1511, 504]
[86, 1008, 100, 1073]
[65, 754, 158, 734]
[656, 516, 653, 538]
[670, 713, 674, 725]
[973, 1134, 946, 1131]
[1094, 1145, 1039, 1132]
[1091, 973, 1046, 969]
[1068, 537, 1088, 540]
[1229, 870, 1220, 872]
[1348, 535, 1364, 539]
[459, 554, 483, 552]
[499, 833, 496, 811]
[721, 868, 748, 862]
[772, 569, 777, 538]
[813, 568, 803, 612]
[915, 540, 928, 544]
[969, 1250, 978, 1204]
[1067, 342, 1080, 405]
[158, 737, 92, 750]
[295, 876, 330, 870]
[440, 751, 386, 767]
[448, 619, 414, 611]
[483, 1025, 486, 1006]
[465, 862, 494, 860]
[496, 980, 485, 1023]
[769, 850, 795, 851]
[845, 1240, 803, 1250]
[900, 796, 889, 795]
[999, 915, 1021, 916]
[1067, 508, 1076, 460]
[1266, 463, 1277, 466]
[253, 1142, 247, 1115]
[215, 891, 290, 878]
[299, 878, 277, 883]
[405, 1239, 414, 1199]
[498, 1228, 509, 1193]
[724, 686, 735, 732]
[1086, 920, 1060, 917]
[1080, 770, 1125, 770]
[1129, 522, 1150, 525]
[1205, 585, 1190, 586]
[1319, 785, 1319, 799]
[1344, 415, 1378, 405]
[315, 1092, 379, 1077]
[748, 865, 725, 870]
[784, 1254, 803, 1250]
[934, 1296, 911, 1294]
[1064, 572, 1094, 566]
[1196, 515, 1188, 559]
[1284, 605, 1280, 549]
[1281, 549, 1285, 574]
[15, 359, 0, 355]
[715, 813, 725, 784]
[799, 831, 799, 844]
[807, 546, 810, 530]
[851, 887, 830, 885]
[1037, 1048, 1030, 1085]
[1306, 693, 1330, 689]
[228, 555, 252, 476]
[368, 1006, 371, 1020]
[385, 676, 313, 659]
[415, 1205, 406, 1244]
[496, 693, 507, 649]
[508, 923, 504, 890]
[596, 873, 590, 838]
[780, 542, 807, 548]
[793, 899, 793, 879]
[984, 606, 985, 590]
[1141, 351, 1105, 354]
[1368, 1459, 1336, 1459]
[42, 630, 27, 658]
[253, 1037, 236, 1041]
[354, 1194, 348, 1233]
[891, 457, 900, 419]
[978, 1220, 971, 1249]
[1214, 905, 1203, 907]
[1274, 818, 1256, 819]
[1360, 702, 1378, 699]
[283, 961, 289, 984]
[896, 454, 924, 459]
[1296, 538, 1309, 534]
[1333, 729, 1348, 730]
[319, 875, 300, 878]
[415, 800, 462, 787]
[715, 1013, 715, 994]
[1098, 1002, 1086, 999]
[1238, 1459, 1223, 1459]
[119, 1163, 114, 1145]
[995, 464, 990, 498]
[1079, 460, 1074, 488]
[1082, 440, 1080, 455]
[474, 980, 490, 977]
[488, 1001, 493, 981]
[950, 463, 937, 421]
[964, 994, 964, 976]
[987, 497, 991, 475]
[1278, 412, 1238, 419]
[1297, 805, 1298, 774]
[346, 1229, 351, 1196]
[371, 1371, 170, 1370]
[818, 496, 838, 499]
[912, 359, 909, 378]
[921, 1015, 920, 1003]
[988, 1265, 946, 1270]
[1023, 918, 1013, 919]
[1278, 876, 1275, 901]
[61, 504, 36, 499]
[276, 883, 217, 894]
[1171, 370, 1141, 367]
[1211, 454, 1204, 478]
[1339, 628, 1353, 663]
[304, 745, 304, 765]
[354, 1160, 354, 1183]
[463, 1459, 313, 1459]
[445, 1245, 479, 1246]
[463, 622, 498, 634]
[555, 1346, 555, 1329]
[650, 599, 650, 571]
[672, 948, 675, 968]
[694, 426, 694, 443]
[711, 1035, 730, 1035]
[860, 1374, 785, 1374]
[804, 681, 804, 695]
[846, 585, 875, 585]
[914, 585, 933, 585]
[945, 1269, 911, 1269]
[964, 969, 930, 969]
[1005, 169, 980, 169]
[989, 424, 989, 439]
[1041, 969, 1024, 969]
[1066, 1261, 1030, 1265]
[1035, 728, 1034, 706]
[1055, 845, 1051, 883]
[1065, 889, 1055, 889]
[1063, 969, 1081, 970]
[1093, 589, 1070, 590]
[1095, 610, 1095, 589]
[1126, 350, 1138, 349]
[1134, 798, 1138, 775]
[1145, 421, 1144, 374]
[1155, 834, 1140, 834]
[1151, 564, 1150, 529]
[1146, 195, 1173, 195]
[1159, 314, 1148, 314]
[1215, 1194, 1215, 1154]
[1253, 1364, 1226, 1364]
[1275, 1271, 1275, 1194]
[1298, 545, 1314, 545]
[1364, 542, 1348, 538]
[1508, 514, 1430, 514]
[279, 406, 257, 472]
[920, 1069, 918, 1083]
[969, 126, 969, 139]
[1078, 438, 1060, 434]
[1129, 720, 1129, 743]
[1129, 783, 1129, 800]
[1194, 775, 1194, 793]
[1335, 690, 1307, 695]
[1340, 849, 1340, 835]
[171, 559, 141, 559]
[235, 1039, 253, 1034]
[385, 860, 404, 860]
[478, 911, 494, 975]
[514, 713, 535, 718]
[679, 861, 680, 875]
[755, 723, 754, 710]
[767, 598, 772, 570]
[769, 1254, 781, 1255]
[861, 885, 879, 885]
[1023, 1381, 946, 1382]
[1041, 546, 1040, 530]
[1055, 820, 1057, 755]
[1078, 411, 1073, 384]
[1093, 889, 1068, 888]
[1152, 488, 1154, 505]
[1210, 859, 1190, 858]
[1378, 702, 1351, 706]
[449, 859, 429, 859]
[479, 706, 432, 712]
[496, 863, 465, 864]
[526, 964, 511, 938]
[746, 886, 703, 903]
[861, 1314, 845, 1314]
[979, 669, 936, 667]
[1113, 745, 1125, 746]
[1161, 946, 1160, 910]
[213, 1459, 199, 1460]
[439, 1026, 445, 1050]
[433, 710, 470, 704]
[678, 857, 705, 850]
[708, 852, 680, 859]
[967, 160, 965, 144]
[999, 1122, 1015, 1119]
[1019, 474, 1012, 495]
[1036, 1129, 1094, 1143]
[1101, 526, 1126, 525]
[1194, 508, 1196, 490]
[1361, 375, 1360, 389]
[1362, 598, 1345, 607]
[281, 1026, 293, 1024]
[327, 590, 408, 605]
[503, 838, 505, 850]
[546, 556, 535, 588]
[689, 750, 673, 745]
[738, 585, 694, 573]
[886, 794, 868, 794]
[911, 886, 923, 885]
[1039, 401, 1048, 360]
[1049, 1210, 1035, 1206]
[1110, 195, 1078, 190]
[1162, 988, 1171, 966]
[1246, 291, 1272, 299]
[1270, 485, 1250, 481]
[330, 875, 316, 920]
[384, 894, 379, 930]
[801, 814, 800, 794]
[1048, 918, 1048, 901]
[1100, 151, 1115, 155]
[1325, 489, 1305, 488]
[328, 1169, 311, 1100]
[360, 775, 350, 810]
[770, 921, 772, 940]
[904, 794, 925, 797]
[933, 464, 894, 456]
[939, 419, 953, 463]
[509, 653, 498, 696]
[604, 914, 585, 919]
[681, 904, 679, 880]
[713, 1254, 709, 1238]
[853, 531, 839, 553]
[843, 944, 866, 935]
[930, 615, 932, 589]
[934, 586, 933, 609]
[1129, 674, 1130, 695]
[393, 605, 316, 590]
[577, 484, 562, 521]
[769, 828, 786, 828]
[889, 485, 934, 493]
[1089, 922, 1086, 968]
[1277, 677, 1249, 689]
[633, 947, 658, 941]
[978, 1299, 988, 1270]
[1224, 306, 1236, 280]
[1247, 689, 1213, 706]
[1518, 259, 1510, 262]
[418, 952, 413, 929]
[546, 547, 572, 489]
[856, 239, 903, 248]
[593, 878, 514, 901]
[756, 921, 720, 939]
[748, 1253, 740, 1220]
[860, 409, 898, 415]
[976, 799, 958, 798]
[1015, 589, 998, 588]
[1060, 456, 1042, 505]
[1185, 920, 1183, 908]
[1299, 626, 1281, 626]
[200, 1253, 152, 1272]
[683, 670, 690, 700]
[830, 814, 831, 773]
[992, 1264, 981, 1300]
[150, 1270, 196, 1251]
[207, 913, 209, 895]
[492, 976, 475, 913]
[510, 898, 527, 894]
[685, 1025, 660, 1030]
[927, 547, 909, 541]
[1123, 1225, 1100, 1237]
[1207, 646, 1210, 661]
[265, 441, 272, 419]
[380, 769, 365, 773]
[428, 1121, 378, 1139]
[450, 1246, 424, 1253]
[833, 241, 774, 244]
[55, 760, 36, 764]
[375, 810, 407, 802]
[392, 676, 416, 681]
[804, 780, 823, 773]
[926, 933, 927, 963]
[1138, 639, 1143, 653]
[389, 673, 394, 654]
[405, 859, 445, 857]
[520, 1169, 514, 1186]
[531, 424, 541, 450]
[734, 488, 730, 500]
[751, 740, 733, 736]
[1204, 674, 1208, 656]
[221, 591, 251, 599]
[364, 1009, 336, 1017]
[782, 466, 778, 482]
[805, 1247, 852, 1236]
[844, 1288, 852, 1260]
[965, 1266, 990, 1261]
[1235, 402, 1230, 421]
[560, 521, 549, 550]
[1379, 408, 1342, 418]
[512, 1183, 518, 1168]
[936, 449, 922, 426]
[1031, 1068, 1038, 1034]
[1141, 855, 1155, 852]
[1153, 506, 1152, 546]
[312, 1021, 332, 1016]
[716, 871, 682, 880]
[882, 1019, 901, 1021]
[1015, 1180, 1000, 1220]
[356, 1367, 501, 1367]
[474, 743, 455, 748]
[511, 638, 532, 588]
[582, 917, 602, 911]
[615, 393, 584, 472]
[764, 1376, 745, 1377]
[966, 143, 967, 125]
[985, 646, 1000, 645]
[1188, 456, 1176, 479]
[1189, 375, 1230, 401]
[1206, 561, 1185, 566]
[681, 598, 692, 564]
[983, 813, 981, 833]
[1159, 444, 1185, 447]
[1299, 256, 1378, 287]
[1373, 676, 1360, 677]
[1421, 648, 1422, 621]
[1421, 1155, 1422, 1088]
[360, 768, 387, 679]
[463, 1372, 373, 1372]
[411, 510, 424, 512]
[743, 1382, 726, 1383]
[754, 835, 752, 855]
[740, 1371, 766, 1372]
[770, 1304, 735, 1298]
[931, 885, 1048, 887]
[1063, 556, 1063, 568]
[1148, 526, 1100, 528]
[1195, 752, 1208, 751]
[1216, 328, 1235, 334]
[25, 18, 54, 18]
[40, 22, 0, 22]
[35, 76, 118, 77]
[56, 17, 98, 16]
[119, 78, 133, 78]
[210, 81, 253, 81]
[373, 87, 235, 86]
[255, 82, 403, 83]
[496, 810, 497, 800]
[496, 836, 496, 859]
[556, 1265, 536, 1272]
[570, 86, 608, 87]
[731, 758, 734, 775]
[757, 745, 757, 793]
[784, 831, 770, 831]
[770, 91, 829, 91]
[796, 881, 796, 900]
[846, 838, 847, 820]
[831, 92, 888, 93]
[891, 757, 893, 750]
[978, 1128, 978, 1116]
[990, 439, 994, 455]
[1010, 96, 1378, 97]
[1043, 871, 1028, 871]
[1030, 868, 1041, 868]
[1284, 101, 1041, 101]
[1055, 626, 1045, 626]
[1057, 668, 1056, 654]
[1088, 918, 1118, 917]
[1118, 841, 1118, 830]
[1147, 468, 1148, 445]
[1178, 900, 1177, 885]
[1208, 599, 1207, 628]
[1270, 776, 1256, 777]
[1273, 628, 1280, 628]
[1285, 623, 1318, 623]
[1377, 289, 1298, 258]
[1328, 726, 1328, 720]
[1338, 465, 1336, 503]
[1368, 1161, 1351, 1161]
[1358, 385, 1358, 373]
[1416, 678, 1418, 668]
[1423, 130, 1420, 76]
[1421, 168, 1422, 131]
[1422, 935, 1421, 920]
[1471, 1007, 1493, 1006]
[1471, 1263, 1498, 1261]
[710, 844, 747, 831]
[829, 1011, 865, 1013]
[988, 941, 987, 968]
[988, 798, 998, 798]
[1047, 378, 1043, 393]
[1058, 609, 1058, 590]
[1086, 436, 1118, 438]
[1191, 583, 1205, 583]
[1213, 878, 1210, 861]
[1217, 1138, 1234, 1136]
[1241, 459, 1228, 455]
[1253, 791, 1264, 791]
[1256, 774, 1268, 773]
[1421, 75, 1422, 63]
[1422, 183, 1421, 169]
[195, 8, 229, 5]
[363, 1144, 405, 1125]
[460, 842, 463, 819]
[483, 1247, 463, 1249]
[555, 1457, 568, 1456]
[609, 88, 656, 87]
[649, 987, 652, 975]
[663, 914, 663, 938]
[653, 1453, 673, 1451]
[672, 786, 672, 835]
[716, 465, 717, 451]
[721, 1275, 721, 1266]
[728, 765, 728, 758]
[745, 634, 709, 631]
[751, 860, 751, 889]
[794, 853, 768, 852]
[808, 666, 769, 667]
[796, 1516, 814, 1518]
[806, 953, 806, 941]
[843, 677, 863, 684]
[938, 135, 938, 178]
[960, 1446, 973, 1446]
[991, 501, 1008, 501]
[1029, 861, 1025, 838]
[1031, 488, 1031, 496]
[1045, 1376, 1059, 1376]
[1053, 1381, 1044, 1381]
[1051, 890, 1051, 914]
[1051, 1516, 1070, 1518]
[1061, 700, 1061, 713]
[1068, 518, 1066, 536]
[1075, 515, 1084, 519]
[1096, 511, 1098, 523]
[1096, 835, 1096, 843]
[1114, 568, 1091, 568]
[1161, 819, 1161, 835]
[1181, 886, 1181, 901]
[1193, 727, 1211, 726]
[1207, 686, 1206, 701]
[1217, 780, 1216, 794]
[1231, 1518, 1250, 1516]
[1277, 856, 1276, 874]
[1275, 181, 1313, 181]
[1282, 635, 1283, 656]
[1339, 833, 1316, 832]
[1332, 708, 1331, 728]
[1366, 452, 1351, 453]
[1368, 1383, 1355, 1383]
[1373, 833, 1345, 832]
[1391, 58, 1392, 68]
[1391, 208, 1391, 229]
[1391, 306, 1391, 343]
[1391, 945, 1391, 971]
[1421, 1368, 1423, 1348]
[1415, 752, 1458, 751]
[31, 540, 33, 514]
[638, 699, 638, 714]
[675, 1371, 733, 1371]
[689, 708, 685, 691]
[700, 1021, 687, 1024]
[718, 938, 705, 937]
[799, 1382, 785, 1382]
[797, 745, 797, 735]
[835, 762, 854, 763]
[847, 875, 846, 845]
[963, 917, 926, 916]
[981, 1006, 981, 1019]
[1042, 1003, 1043, 970]
[1058, 693, 1057, 675]
[1115, 1408, 1064, 1406]
[1100, 351, 1090, 352]
[1135, 1405, 1116, 1407]
[1091, 587, 1135, 588]
[1127, 676, 1128, 593]
[1156, 984, 1129, 981]
[1208, 1482, 1181, 1481]
[1194, 770, 1213, 773]
[1211, 1378, 1212, 1306]
[1276, 776, 1276, 791]
[1278, 820, 1278, 834]
[1314, 182, 1378, 182]
[1334, 536, 1300, 538]
[1392, 110, 1391, 124]
[1391, 145, 1392, 170]
[1391, 171, 1391, 188]
[1392, 1155, 1391, 1204]
[1391, 1443, 1408, 1441]
[1421, 368, 1422, 341]
[1434, 256, 1516, 256]
[1456, 1007, 1469, 1006]
[408, 1259, 444, 1244]
[493, 774, 491, 755]
[511, 1195, 501, 1228]
[531, 556, 519, 556]
[645, 604, 634, 601]
[650, 769, 666, 774]
[706, 1034, 707, 1021]
[710, 770, 723, 774]
[723, 777, 709, 772]
[755, 693, 758, 666]
[770, 1372, 813, 1372]
[923, 913, 894, 912]
[921, 379, 909, 382]
[930, 623, 884, 624]
[982, 1171, 982, 1201]
[982, 1148, 983, 1169]
[992, 1454, 991, 1480]
[1027, 505, 1039, 508]
[1095, 558, 1096, 546]
[1125, 772, 1108, 773]
[1165, 1456, 1208, 1458]
[1212, 1278, 1213, 1235]
[1231, 452, 1243, 457]
[1310, 1158, 1348, 1157]
[1360, 747, 1378, 749]
[1392, 973, 1392, 998]
[1390, 1224, 1392, 1258]
[54, 754, 20, 733]
[254, 1214, 199, 1252]
[503, 879, 501, 836]
[696, 502, 722, 508]
[710, 1229, 716, 1257]
[735, 734, 757, 738]
[779, 1043, 753, 1041]
[830, 1381, 800, 1381]
[801, 708, 802, 680]
[800, 611, 809, 575]
[816, 504, 817, 513]
[909, 383, 906, 415]
[938, 510, 936, 524]
[965, 642, 980, 643]
[1026, 609, 1026, 595]
[1045, 803, 1025, 803]
[1038, 781, 1035, 799]
[1051, 361, 1047, 378]
[1084, 1167, 1065, 1173]
[1091, 569, 1065, 574]
[1093, 844, 1092, 835]
[1088, 996, 1100, 999]
[1116, 807, 1099, 806]
[1172, 878, 1171, 860]
[1183, 966, 1171, 994]
[1213, 705, 1213, 730]
[1254, 776, 1226, 777]
[1276, 840, 1276, 856]
[1281, 543, 1281, 528]
[1493, 1017, 1446, 1017]
[1496, 267, 1445, 266]
[6, 501, 0, 501]
[0, 655, 14, 664]
[68, 1478, 158, 1478]
[196, 1250, 253, 1211]
[258, 931, 248, 931]
[303, 746, 302, 708]
[323, 1478, 413, 1478]
[336, 491, 326, 491]
[336, 845, 355, 785]
[354, 948, 360, 975]
[415, 683, 388, 677]
[483, 1038, 483, 1028]
[522, 617, 513, 642]
[540, 1516, 559, 1518]
[579, 1478, 668, 1478]
[643, 797, 668, 798]
[672, 939, 635, 949]
[660, 913, 679, 905]
[736, 1456, 736, 1464]
[776, 698, 788, 698]
[826, 537, 811, 536]
[824, 1471, 815, 1472]
[851, 241, 833, 241]
[833, 630, 833, 616]
[835, 1478, 923, 1478]
[890, 968, 923, 968]
[923, 928, 923, 915]
[939, 1390, 925, 1392]
[930, 690, 930, 705]
[958, 766, 957, 756]
[983, 916, 965, 916]
[977, 852, 978, 835]
[978, 880, 978, 871]
[1023, 723, 1023, 714]
[1054, 915, 1086, 917]
[1096, 809, 1096, 818]
[1091, 1478, 1180, 1478]
[1110, 888, 1125, 888]
[1138, 784, 1136, 808]
[1165, 903, 1176, 902]
[1181, 701, 1182, 720]
[1189, 902, 1213, 902]
[1217, 1141, 1217, 1230]
[1236, 1138, 1274, 1138]
[1243, 458, 1258, 458]
[1274, 746, 1255, 746]
[1283, 514, 1283, 526]
[1296, 676, 1286, 676]
[1216, 1362, 1325, 1363]
[1296, 685, 1297, 697]
[1328, 164, 1328, 145]
[1365, 1366, 1336, 1366]
[1348, 1478, 1438, 1478]
[1358, 1021, 1369, 1003]
[1391, 604, 1392, 628]
[1391, 905, 1392, 943]
[1391, 1074, 1391, 1133]
[1501, 762, 1444, 761]
[1500, 11, 1484, 12]
[1500, 1291, 1484, 1292]
[1501, 539, 1502, 553]
[1514, 761, 1502, 762]
[58, 1472, 50, 1471]
[223, 1475, 220, 1486]
[206, 1518, 225, 1516]
[231, 558, 244, 558]
[313, 1471, 305, 1471]
[357, 1263, 358, 1253]
[329, 661, 384, 673]
[390, 862, 387, 875]
[406, 1126, 425, 1120]
[500, 797, 514, 796]
[568, 1471, 560, 1472]
[579, 1244, 603, 1217]
[583, 1241, 582, 1263]
[585, 462, 602, 422]
[601, 421, 616, 385]
[692, 455, 692, 426]
[753, 918, 751, 896]
[783, 1377, 764, 1377]
[798, 846, 798, 874]
[826, 517, 836, 517]
[870, 968, 880, 968]
[1058, 810, 1056, 826]
[1080, 1471, 1070, 1472]
[1098, 714, 1097, 706]
[1208, 850, 1207, 837]
[1248, 1470, 1245, 1487]
[1252, 685, 1275, 675]
[1288, 907, 1270, 906]
[1338, 1472, 1330, 1471]
[1420, 760, 1405, 762]
[1481, 1290, 1440, 1291]
[1446, 1306, 1447, 1318]
[1503, 195, 1500, 206]
[1503, 1475, 1500, 1486]
[1486, 238, 1505, 236]
[1486, 1518, 1505, 1516]
[88, 713, 114, 668]
[292, 634, 291, 651]
[350, 816, 374, 811]
[387, 688, 378, 717]
[604, 1205, 608, 1191]
[615, 1192, 632, 1229]
[681, 781, 674, 781]
[718, 1256, 723, 1267]
[727, 1270, 719, 1284]
[733, 1036, 744, 1032]
[738, 660, 759, 664]
[763, 980, 760, 999]
[802, 910, 801, 928]
[841, 969, 858, 967]
[902, 811, 900, 850]
[928, 756, 928, 744]
[962, 638, 963, 619]
[982, 643, 983, 629]
[993, 571, 993, 561]
[1033, 1181, 1025, 1181]
[1058, 1049, 1040, 1047]
[1059, 434, 1045, 431]
[1063, 513, 1048, 512]
[1060, 452, 1075, 453]
[1060, 732, 1076, 733]
[1081, 416, 1081, 433]
[1091, 618, 1091, 629]
[1097, 655, 1096, 668]
[1137, 628, 1138, 616]
[1148, 443, 1134, 441]
[1213, 1304, 1213, 1278]
[1215, 750, 1217, 765]
[1333, 873, 1333, 858]
[1391, 1329, 1392, 1338]
[1395, 358, 1397, 373]
[1446, 28, 1447, 38]
[1514, 505, 1498, 506]
[1501, 30, 1502, 38]
[1501, 798, 1502, 808]
[1501, 1310, 1502, 1318]
[197, 804, 123, 923]
[193, 941, 170, 944]
[284, 1516, 302, 1518]
[452, 746, 471, 741]
[520, 1151, 523, 1166]
[648, 572, 626, 571]
[654, 980, 651, 994]
[661, 748, 662, 763]
[655, 471, 669, 473]
[856, 621, 838, 619]
[846, 538, 860, 511]
[889, 887, 879, 886]
[885, 852, 896, 853]
[987, 423, 985, 396]
[1006, 101, 959, 100]
[1028, 746, 1028, 765]
[1036, 523, 1037, 511]
[1085, 490, 1073, 492]
[1142, 363, 1143, 353]
[1207, 575, 1208, 563]
[1233, 815, 1254, 819]
[1273, 290, 1261, 262]
[1277, 468, 1264, 465]
[1372, 1005, 1360, 1023]
[1392, 430, 1390, 441]
[1444, 11, 1438, 11]
[1446, 283, 1447, 293]
[1445, 540, 1447, 553]
[0, 352, 17, 358]
[28, 1516, 46, 1518]
[353, 1330, 345, 1355]
[480, 554, 443, 558]
[504, 537, 520, 536]
[661, 843, 663, 856]
[672, 497, 683, 498]
[720, 1267, 714, 1255]
[720, 663, 736, 661]
[757, 246, 785, 240]
[768, 793, 795, 784]
[885, 588, 835, 586]
[863, 818, 861, 803]
[859, 843, 863, 828]
[904, 933, 918, 933]
[916, 1083, 918, 1035]
[981, 1202, 978, 1214]
[1002, 1124, 990, 1134]
[989, 721, 1005, 720]
[1053, 698, 1038, 696]
[1041, 861, 1030, 862]
[1058, 1205, 1059, 1193]
[1209, 662, 1206, 684]
[1308, 1516, 1326, 1518]
[115, 937, 18, 1096]
[274, 483, 256, 477]
[292, 612, 260, 604]
[463, 1518, 479, 1516]
[530, 964, 546, 983]
[539, 456, 529, 425]
[651, 536, 653, 516]
[719, 1518, 735, 1516]
[741, 1218, 750, 1249]
[921, 999, 923, 971]
[961, 474, 963, 493]
[1010, 141, 1013, 118]
[1038, 406, 1036, 423]
[1085, 1249, 1067, 1260]
[1239, 182, 1274, 182]
[1396, 655, 1397, 668]
[521, 794, 524, 780]
[587, 776, 601, 778]
[615, 1046, 620, 1058]
[640, 697, 649, 698]
[676, 477, 689, 476]
[898, 417, 856, 411]
[863, 504, 891, 455]
[988, 975, 986, 993]
[990, 1255, 995, 1233]
[1093, 673, 1060, 672]
[1238, 313, 1228, 307]
[1319, 622, 1328, 617]
[1392, 126, 1392, 145]
[1392, 876, 1391, 903]
[1, 803, 9, 789]
[69, 581, 41, 563]
[159, 943, 173, 941]
[251, 601, 220, 593]
[631, 1134, 653, 1142]
[652, 735, 647, 748]
[838, 501, 820, 498]
[876, 936, 847, 944]
[1046, 967, 1060, 968]
[1151, 524, 1151, 493]
[1211, 703, 1241, 688]
[1212, 830, 1232, 833]
[1353, 733, 1330, 731]
[1358, 390, 1344, 393]
[2, 438, 19, 465]
[295, 562, 260, 561]
[560, 1318, 569, 1292]
[572, 488, 584, 463]
[640, 490, 651, 469]
[752, 803, 721, 818]
[770, 523, 780, 541]
[1079, 154, 1093, 151]
[1165, 1384, 1185, 1384]
[1300, 1157, 1310, 1157]
[1306, 486, 1331, 486]
[1348, 602, 1356, 598]
[11, 791, 4, 805]
[81, 715, 17, 671]
[211, 636, 197, 662]
[534, 893, 593, 875]
[951, 1482, 944, 1482]
[967, 971, 965, 991]
[1035, 699, 1038, 728]
[1137, 775, 1137, 755]
[1385, 449, 1387, 463]
[6, 1358, 83, 1316]
[423, 464, 410, 505]
[632, 1234, 613, 1197]
[801, 637, 815, 637]
[1080, 489, 1123, 456]
[1146, 366, 1171, 367]
[1390, 775, 1391, 797]
[424, 1255, 406, 1263]
[722, 936, 753, 919]
[1045, 546, 1060, 547]
[1143, 613, 1167, 603]
[1149, 758, 1159, 753]
[1347, 657, 1336, 628]
[22, 671, 82, 712]
[242, 732, 197, 804]
[544, 985, 531, 970]
[582, 1262, 577, 1277]
[854, 1265, 848, 1283]
[987, 588, 986, 606]
[1425, 512, 1516, 512]
[35, 501, 36, 515]
[534, 581, 542, 559]
[658, 1145, 617, 1190]
[933, 611, 933, 625]
[970, 586, 985, 587]
[1040, 1205, 1056, 1208]
[1057, 653, 1057, 635]
[1108, 615, 1108, 631]
[1126, 748, 1108, 748]
[1228, 403, 1191, 379]
[1205, 337, 1222, 307]
[350, 1160, 334, 1167]
[607, 1044, 590, 1025]
[593, 1024, 610, 1042]
[660, 777, 646, 770]
[955, 785, 975, 786]
[1091, 949, 1106, 938]
[1342, 835, 1342, 853]
[34, 503, 31, 487]
[83, 1316, 137, 1279]
[141, 1277, 150, 1270]
[384, 1294, 399, 1267]
[574, 1278, 582, 1250]
[576, 633, 601, 638]
[641, 1037, 669, 1024]
[1121, 1055, 1129, 1025]
[1316, 806, 1317, 785]
[1322, 875, 1320, 850]
[1360, 642, 1365, 652]
[36, 556, 70, 578]
[255, 712, 243, 731]
[290, 926, 259, 931]
[746, 1255, 727, 1271]
[727, 1267, 746, 1252]
[743, 252, 757, 247]
[790, 1198, 768, 1181]
[876, 487, 862, 511]
[981, 716, 981, 674]
[1106, 633, 1106, 615]
[1170, 789, 1153, 787]
[117, 670, 106, 687]
[120, 923, 175, 834]
[394, 523, 377, 513]
[482, 1112, 509, 1141]
[609, 593, 613, 574]
[631, 1170, 642, 1159]
[672, 735, 669, 717]
[669, 472, 684, 455]
[730, 752, 751, 752]
[1335, 458, 1350, 451]
[18, 1096, 1, 1122]
[146, 627, 191, 658]
[636, 853, 669, 837]
[773, 491, 772, 506]
[796, 850, 797, 835]
[826, 775, 806, 783]
[846, 500, 860, 504]
[447, 1103, 486, 1062]
[461, 1248, 450, 1247]
[955, 754, 939, 752]
[1320, 838, 1322, 851]
[25, 771, 17, 783]
[116, 663, 139, 628]
[140, 1281, 82, 1320]
[207, 783, 248, 718]
[410, 594, 415, 580]
[513, 570, 530, 581]
[568, 1007, 559, 999]
[561, 996, 571, 1004]
[948, 1066, 920, 1068]
[1013, 721, 999, 723]
[1172, 969, 1167, 985]
[1172, 985, 1181, 964]
[91, 352, 158, 315]
[618, 1060, 612, 1047]
[683, 460, 673, 471]
[1109, 940, 1093, 951]
[1419, 767, 1516, 767]
[72, 368, 34, 399]
[67, 1011, 118, 927]
[258, 475, 276, 481]
[409, 500, 421, 463]
[885, 1023, 874, 1015]
[1166, 607, 1140, 617]
[1280, 1180, 1294, 1161]
[141, 630, 119, 664]
[152, 1272, 142, 1280]
[161, 757, 172, 764]
[353, 1278, 357, 1264]
[378, 1139, 354, 1155]
[736, 1038, 708, 1036]
[1172, 633, 1170, 621]
[1360, 1023, 1342, 1047]
[1422, 1174, 1422, 1156]
[533, 721, 520, 717]
[727, 497, 732, 485]
[1122, 461, 1084, 490]
[1159, 995, 1142, 1009]
[636, 689, 643, 663]
[930, 653, 931, 624]
[369, 468, 339, 444]
[753, 448, 748, 431]
[1438, 205, 1425, 190]
[351, 1195, 352, 1160]
[353, 1184, 353, 1193]
[378, 511, 396, 522]
[643, 1158, 653, 1148]
[699, 873, 715, 869]
[959, 474, 951, 462]
[1065, 1258, 1083, 1247]
[1109, 352, 1125, 350]
[1181, 958, 1172, 969]
[1351, 453, 1340, 459]
[58, 370, 34, 366]
[176, 767, 203, 784]
[219, 680, 192, 660]
[528, 583, 512, 572]
[657, 1138, 669, 1124]
[671, 1125, 659, 1139]
[742, 1161, 766, 1177]
[831, 766, 830, 718]
[886, 932, 900, 931]
[253, 701, 222, 681]
[609, 1192, 604, 1219]
[1144, 573, 1141, 587]
[1171, 735, 1160, 756]
[1265, 264, 1275, 287]
[334, 1015, 356, 1009]
[480, 1245, 493, 1233]
[802, 928, 808, 936]
[1098, 160, 1098, 171]
[1159, 752, 1172, 730]
[1202, 347, 1188, 369]
[1225, 925, 1215, 932]
[21, 731, 37, 740]
[270, 1205, 257, 1212]
[769, 1011, 786, 1012]
[583, 802, 580, 785]
[1, 223, 5, 209]
[614, 1191, 630, 1171]
[341, 1305, 352, 1279]
[634, 855, 621, 864]
[1184, 594, 1190, 583]
[1455, 960, 1441, 972]
[643, 750, 648, 739]
[893, 458, 880, 479]
[1185, 913, 1190, 923]
[1352, 683, 1352, 670]
[199, 663, 253, 698]
[354, 1281, 341, 1310]
[583, 472, 577, 483]
[1028, 1096, 1025, 1108]
[1202, 474, 1209, 454]
[75, 582, 140, 623]
[629, 856, 630, 840]
[1041, 502, 1058, 456]
[1185, 370, 1199, 345]
[848, 1283, 840, 1298]
[930, 244, 950, 238]
[161, 316, 93, 354]
[974, 833, 961, 833]
[964, 831, 978, 831]
[1340, 1046, 1356, 1024]
[69, 476, 65, 500]
[333, 1018, 314, 1023]
[329, 869, 335, 845]
[409, 804, 348, 819]
[362, 457, 378, 475]
[717, 671, 723, 686]
[776, 536, 767, 526]
[1065, 928, 1049, 928]
[1298, 1160, 1281, 1183]
[138, 626, 75, 585]
[153, 778, 161, 768]
[201, 786, 173, 769]
[176, 832, 202, 792]
[209, 592, 220, 591]
[347, 819, 332, 866]
[505, 1141, 480, 1114]
[534, 590, 526, 610]
[536, 520, 537, 498]
[677, 1325, 698, 1299]
[692, 573, 684, 598]
[812, 963, 799, 958]
[929, 692, 884, 693]
[948, 779, 934, 778]
[948, 585, 970, 586]
[81, 1320, 10, 1358]
[353, 1153, 363, 1145]
[378, 475, 401, 497]
[406, 1264, 395, 1278]
[488, 1063, 458, 1093]
[528, 423, 511, 405]
[538, 616, 553, 623]
[587, 779, 578, 772]
[766, 1334, 754, 1349]
[959, 795, 984, 798]
[1164, 683, 1150, 682]
[1244, 224, 1264, 238]
[1261, 239, 1217, 209]
[1316, 1065, 1283, 1099]
[1318, 800, 1317, 828]
[287, 1192, 326, 1170]
[320, 425, 333, 439]
[636, 701, 636, 691]
[682, 1113, 714, 1082]
[792, 1310, 770, 1332]
[800, 624, 785, 622]
[1242, 865, 1237, 847]
[1243, 470, 1251, 478]
[19, 665, 36, 637]
[253, 367, 244, 355]
[260, 701, 288, 658]
[335, 439, 362, 458]
[539, 587, 556, 599]
[775, 1183, 791, 1195]
[804, 489, 818, 495]
[808, 899, 828, 883]
[965, 1301, 978, 1301]
[467, 803, 467, 791]
[643, 874, 630, 887]
[836, 547, 828, 536]
[1106, 773, 1088, 771]
[1204, 1158, 1183, 1179]
[1221, 1458, 1238, 1457]
[1341, 1047, 1317, 1064]
[14, 416, 47, 384]
[70, 587, 50, 619]
[160, 284, 185, 311]
[330, 1170, 274, 1201]
[559, 1071, 574, 1067]
[574, 1284, 562, 1320]
[810, 1302, 834, 1293]
[1279, 1101, 1247, 1125]
[654, 847, 637, 855]
[443, 556, 456, 554]
[550, 624, 533, 618]
[197, 657, 209, 635]
[715, 820, 691, 832]
[829, 533, 838, 545]
[928, 887, 903, 888]
[1219, 210, 1198, 205]
[1209, 204, 1229, 213]
[419, 1168, 429, 1131]
[273, 1198, 284, 1193]
[394, 1282, 381, 1301]
[555, 1328, 559, 1318]
[603, 903, 594, 876]
[763, 1179, 742, 1164]
[824, 448, 840, 423]
[936, 323, 918, 327]
[921, 422, 935, 442]
[1200, 314, 1171, 313]
[1264, 239, 1270, 244]
[1280, 1098, 1299, 1079]
[86, 719, 75, 738]
[293, 655, 276, 681]
[372, 510, 342, 492]
[524, 1261, 534, 1268]
[536, 1272, 522, 1264]
[556, 602, 538, 590]
[581, 1098, 610, 1114]
[678, 878, 676, 859]
[688, 830, 713, 818]
[841, 425, 826, 450]
[1182, 1180, 1125, 1225]
[1299, 1078, 1320, 1058]
[516, 1106, 544, 1094]
[151, 945, 124, 927]
[126, 796, 154, 751]
[432, 1131, 424, 1156]
[761, 248, 744, 255]
[869, 1222, 892, 1253]
[890, 1255, 868, 1225]
[934, 566, 933, 583]
[1153, 548, 1153, 563]
[1130, 1020, 1157, 992]
[1190, 855, 1208, 857]
[14, 783, 23, 768]
[479, 535, 450, 530]
[652, 1144, 631, 1136]
[1140, 832, 1156, 832]
[125, 925, 153, 943]
[582, 785, 585, 798]
[1245, 183, 938, 183]
[974, 789, 955, 787]
[1436, 977, 1425, 966]
[47, 384, 63, 372]
[314, 919, 327, 876]
[346, 1340, 358, 1317]
[522, 1263, 511, 1247]
[742, 1164, 725, 1159]
[785, 982, 771, 983]
[933, 629, 932, 659]
[1168, 996, 1159, 1007]
[39, 742, 57, 753]
[266, 603, 291, 609]
[560, 1257, 575, 1243]
[767, 1330, 790, 1308]
[955, 1301, 935, 1297]
[28, 559, 13, 558]
[194, 588, 209, 591]
[628, 885, 644, 870]
[944, 751, 955, 751]
[983, 664, 983, 711]
[1094, 1247, 1113, 1235]
[341, 489, 375, 508]
[714, 1086, 684, 1114]
[832, 769, 833, 794]
[1058, 785, 1058, 804]
[1066, 345, 1066, 326]
[1136, 755, 1136, 713]
[1208, 581, 1208, 599]
[180, 653, 143, 629]
[165, 769, 155, 781]
[514, 1246, 524, 1260]
[706, 1231, 720, 1220]
[1138, 736, 1138, 754]
[448, 527, 481, 533]
[493, 1237, 483, 1246]
[514, 404, 526, 416]
[541, 1098, 519, 1108]
[867, 708, 868, 728]
[1157, 409, 1180, 378]
[145, 770, 128, 797]
[380, 1300, 359, 1321]
[1114, 1238, 1095, 1249]
[661, 302, 733, 256]
[974, 718, 958, 718]
[1171, 311, 1195, 311]
[47, 619, 68, 585]
[275, 682, 262, 702]
[718, 974, 717, 1010]
[1018, 1122, 1003, 1123]
[1043, 918, 1030, 918]
[1124, 717, 1105, 718]
[1133, 1026, 1128, 1037]
[1139, 678, 1138, 736]
[1212, 748, 1210, 731]
[1321, 1059, 1339, 1046]
[211, 899, 208, 931]
[574, 1247, 556, 1265]
[611, 1117, 580, 1100]
[605, 1219, 584, 1242]
[833, 835, 833, 848]
[836, 1295, 808, 1305]
[984, 1063, 982, 1089]
[1008, 1263, 991, 1263]
[1142, 1009, 1133, 1025]
[1205, 608, 1206, 586]
[941, 181, 1238, 181]
[73, 737, 83, 719]
[209, 594, 193, 590]
[205, 930, 207, 915]
[559, 1320, 557, 1348]
[675, 1327, 667, 1339]
[672, 966, 670, 949]
[786, 241, 804, 241]
[833, 795, 833, 831]
[866, 728, 866, 715]
[937, 1126, 949, 1129]
[981, 888, 954, 888]
[958, 715, 979, 716]
[988, 396, 988, 415]
[1030, 916, 1043, 916]
[1051, 511, 1063, 511]
[1051, 926, 1064, 926]
[1213, 731, 1213, 743]
[1319, 551, 1334, 551]
[1331, 553, 1318, 553]
[1323, 854, 1323, 868]
[359, 1317, 383, 1294]
[545, 1267, 560, 1259]
[833, 718, 833, 758]
[981, 665, 981, 650]
[1135, 870, 1137, 853]
[360, 978, 363, 990]
[737, 256, 695, 284]
[770, 981, 785, 980]
[889, 1313, 863, 1314]
[1104, 716, 1118, 716]
[1178, 1180, 1209, 1150]
[1218, 493, 1198, 492]
[681, 881, 683, 900]
[1127, 1221, 1176, 1181]
[1201, 490, 1215, 491]
[683, 632, 673, 632]
[829, 886, 808, 902]
[1129, 918, 1111, 920]
[102, 694, 89, 715]
[594, 639, 573, 634]
[614, 581, 610, 597]
[679, 671, 658, 667]
[1105, 1162, 1094, 1163]
[1245, 1123, 1277, 1099]
[183, 312, 157, 285]
[329, 439, 318, 426]
[653, 607, 665, 606]
[752, 1347, 765, 1332]
[1038, 1132, 1024, 1120]
[398, 498, 369, 469]
[699, 1302, 680, 1326]
[1124, 969, 1127, 953]
[944, 243, 915, 249]
[1224, 309, 1216, 322]
[285, 1102, 256, 1108]
[831, 848, 830, 818]
[632, 361, 615, 392]
[63, 498, 67, 473]
[1211, 616, 1222, 610]
[953, 888, 931, 888]
[1182, 380, 1158, 411]
[199, 1458, 213, 1457]
[852, 1259, 851, 1246]
[1094, 1238, 1115, 1226]
[92, 751, 75, 755]
[462, 1036, 450, 1052]
[1162, 910, 1163, 923]
[1082, 1038, 1082, 1026]
[31, 1457, 43, 1457]
[696, 422, 719, 422]
[1061, 1377, 1080, 1377]
[278, 1382, 255, 1382]
[388, 1382, 345, 1382]
[528, 1382, 475, 1382]
[583, 1382, 570, 1382]
[590, 752, 613, 752]
[673, 1382, 655, 1382]
[843, 1382, 833, 1382]
[930, 967, 984, 967]
[1036, 752, 1053, 752]
[1200, 512, 1213, 512]
[1223, 817, 1215, 817]
[1378, 372, 1365, 372]
[1478, 522, 1445, 522]
[171, 830, 140, 810]
[407, 1245, 407, 1256]
[313, 1458, 438, 1457]
[457, 904, 457, 895]
[454, 1457, 463, 1457]
[652, 571, 652, 600]
[857, 738, 857, 760]
[930, 587, 898, 588]
[913, 1267, 960, 1267]
[971, 166, 1005, 167]
[979, 1142, 995, 1142]
[987, 920, 987, 939]
[1025, 967, 1041, 967]
[1037, 674, 1037, 688]
[1053, 672, 1039, 672]
[1055, 887, 1076, 886]
[1075, 1022, 1061, 1022]
[1065, 587, 1089, 587]
[1127, 744, 1127, 720]
[1126, 873, 1127, 776]
[1147, 389, 1147, 416]
[1146, 312, 1160, 312]
[1157, 851, 1157, 835]
[1192, 793, 1192, 776]
[1277, 1194, 1277, 1271]
[1315, 547, 1299, 547]
[117, 1145, 121, 1161]
[581, 770, 588, 776]
[860, 967, 868, 967]
[927, 795, 926, 784]
[928, 863, 927, 878]
[1042, 530, 1043, 544]
[448, 1108, 434, 1121]
[802, 641, 801, 663]
[848, 1312, 888, 1311]
[1084, 887, 1093, 887]
[1097, 591, 1097, 609]
[1372, 863, 1372, 856]
[1456, 1263, 1469, 1262]
[1098, 747, 1088, 747]
[1228, 797, 1220, 797]
[1412, 404, 1412, 394]
[141, 808, 173, 829]
[998, 586, 1023, 586]
[1129, 803, 1129, 823]
[213, 878, 213, 888]
[896, 585, 913, 585]
[1127, 768, 1126, 750]
[1136, 711, 1136, 678]
[1028, 1378, 1043, 1379]
[439, 690, 420, 685]
[449, 1050, 460, 1035]
[926, 324, 941, 316]
[141, 557, 164, 557]
[1144, 661, 1163, 656]
[1422, 958, 1422, 936]
[1336, 1457, 1358, 1457]
[1081, 1377, 1151, 1377]
[1128, 1038, 1124, 1056]
[1147, 374, 1147, 388]
[579, 1063, 600, 1049]
[640, 1041, 626, 1060]
[835, 616, 850, 617]
[961, 767, 974, 768]
[263, 1104, 284, 1100]
[1224, 924, 1240, 919]
[537, 1464, 538, 1454]
[789, 1046, 801, 1053]
[349, 1233, 361, 1253]
[815, 1026, 811, 1038]
[3, 970, 35, 991]
[694, 1241, 680, 1243]
[961, 1339, 975, 1307]
[951, 237, 975, 213]
[1229, 214, 1243, 224]
[23, 477, 5, 448]
[34, 401, 8, 424]
[647, 1092, 621, 1066]
[1239, 281, 1229, 300]
[99, 785, 78, 770]
[617, 385, 630, 359]
[878, 1083, 889, 1077]
[1247, 919, 1226, 925]
[293, 618, 292, 633]
[58, 1457, 181, 1457]
[66, 1517, 190, 1517]
[78, 768, 102, 784]
[211, 871, 213, 853]
[323, 1517, 446, 1517]
[400, 557, 421, 557]
[578, 1517, 701, 1517]
[632, 840, 631, 851]
[736, 1295, 751, 1299]
[816, 1372, 860, 1372]
[834, 1517, 958, 1517]
[868, 792, 878, 792]
[1090, 1517, 1214, 1517]
[1128, 695, 1127, 678]
[1346, 1517, 1470, 1517]
[1422, 338, 1422, 326]
[358, 1251, 347, 1236]
[104, 238, 120, 253]
[193, 557, 203, 557]
[487, 1050, 488, 1063]
[622, 1059, 641, 1037]
[994, 194, 980, 210]
[485, 1060, 483, 1039]
[317, 426, 301, 416]
[694, 284, 663, 304]
[893, 1253, 911, 1265]
[973, 1318, 963, 1340]
[623, 1064, 648, 1090]
[683, 1121, 702, 1139]
[1384, 738, 1384, 725]
[700, 1141, 681, 1123]
[114, 251, 102, 240]
[33, 993, 2, 973]
[54, 1008, 39, 997]
[706, 1142, 722, 1154]
[1201, 940, 1216, 928]
[603, 1051, 581, 1065]
[182, 661, 169, 678]
[1314, 830, 1316, 814]
[799, 1055, 788, 1049]
[891, 1079, 880, 1084]
[1182, 953, 1191, 941]
[0, 79, 33, 79]
[110, 1369, 348, 1369]
[170, 1370, 110, 1370]
[167, 677, 180, 658]
[193, 84, 208, 84]
[531, 89, 568, 89]
[738, 93, 758, 94]
[834, 643, 834, 633]
[929, 705, 929, 694]
[1041, 1380, 1028, 1380]
[1185, 1385, 1169, 1385]
[1386, 725, 1385, 738]
[1390, 191, 1390, 205]
[1390, 1306, 1391, 1326]
[1481, 10, 1446, 10]
[1494, 505, 1454, 505]
[1484, 1034, 1496, 1034]
[1496, 1035, 1484, 1035]
[911, 1268, 891, 1255]
[1123, 566, 1135, 566]
[926, 811, 926, 800]
[976, 215, 954, 239]
[1328, 913, 1316, 913]
[958, 588, 946, 588]
[1316, 910, 1328, 910]
[1214, 932, 1203, 942]
[19, 466, 31, 485]
[928, 796, 929, 811]
[1069, 326, 1068, 340]
[1193, 943, 1184, 955]
[215, 853, 214, 871]
[1036, 889, 1024, 889]
[1109, 400, 1110, 390]
[190, 1519, 66, 1519]
[446, 1519, 323, 1519]
[701, 1519, 578, 1519]
[958, 1519, 834, 1519]
[1214, 1519, 1090, 1519]
[1470, 1519, 1346, 1519]
[181, 1459, 58, 1459]
[203, 559, 193, 560]
[304, 708, 304, 728]
[403, 84, 376, 84]
[421, 559, 401, 559]
[501, 1369, 466, 1369]
[656, 89, 616, 89]
[1093, 1454, 1083, 1455]
[1513, 769, 1419, 769]
