[133, 16, 41, 22, -0.06512516333438588]
[128, 82, 53, 80, 0.026660348374597954]
[180, 9, 193, 9, 0.0]
[233, 85, 193, 85, -0.0]
[713, 425, 695, 425, -0.0]
[719, 1011, 760, 1008, -0.07304056530311932]
[898, 97, 770, 95, 0.015623728620476831]
[781, 664, 800, 664, 0.0]
[924, 996, 919, 1065, -1.4984589962563017]
[983, 970, 966, 970, -0.0]
[1039, 100, 1009, 100, -0.0]
[1030, 1265, 1020, 1265, -0.0]
[1040, 513, 1039, 523, -1.4711276743037347]
[1064, 1404, 1135, 1404, 0.0]
[1204, 701, 1204, 674, 90]
[1213, 1233, 1214, 1201, -1.5395564933646284]
[1229, 774, 1256, 774, 0.0]
[1334, 1365, 1255, 1365, -0.0]
[1282, 501, 1225, 495, 0.10487693873023389]
[1373, 101, 1286, 100, 0.01149374671503052]
[1310, 534, 1331, 534, 0.0]
[1349, 1160, 1299, 1160, -0.0]
[1378, 185, 1328, 185, -0.0]
[1365, 369, 1378, 369, 0.0]
[1445, 519, 1478, 519, 0.0]
[1445, 264, 1503, 264, 0.0]
[161, 10, 178, 10, 0.0]
[160, 1479, 188, 1479, 0.0]
[505, 851, 505, 874, 90]
[660, 940, 660, 915, 90]
[664, 1379, 673, 1379, 0.0]
[669, 830, 669, 820, 90]
[670, 818, 670, 803, 90]
[723, 1374, 675, 1374, -0.0]
[755, 793, 754, 756, 1.5437758776076318]
[800, 726, 800, 741, 90]
[815, 640, 803, 640, -0.0]
[935, 175, 935, 135, 90]
[973, 1449, 960, 1449, -0.0]
[1021, 889, 984, 889, -0.0]
[989, 1480, 989, 1448, 90]
[1013, 505, 965, 500, 0.10379234045704283]
[1055, 828, 1055, 843, 90]
[1060, 568, 1061, 555, -1.4940244355251187]
[1094, 669, 1094, 655, 90]
[1104, 565, 1114, 566, 0.09966865249116204]
[1150, 776, 1191, 773, -0.07304056530311932]
[1186, 449, 1170, 449, -0.0]
[1181, 905, 1165, 906, -0.06241880999595735]
[1210, 729, 1185, 730, -0.039978687123290044]
[1185, 1479, 1211, 1479, 0.0]
[1214, 1304, 1214, 1361, 90]
[1214, 1364, 1214, 1378, 90]
[1215, 1233, 1215, 1301, 90]
[1259, 816, 1273, 815, -0.07130746478529032]
[1325, 185, 1248, 184, 0.012986282920172485]
[1316, 830, 1338, 830, 0.0]
[1349, 451, 1368, 449, -0.10487693873023389]
[1345, 830, 1373, 830, 0.0]
[1355, 1380, 1368, 1380, 0.0]
[1389, 218, 1389, 110, 90]
[1389, 943, 1389, 871, 90]
[1389, 998, 1389, 955, 90]
[1424, 63, 1424, 181, 90]
[1424, 326, 1424, 368, 90]
[1424, 610, 1424, 648, 90]
[1424, 1088, 1424, 1174, 90]
[1458, 754, 1415, 754, -0.0]
[1446, 1014, 1493, 1014, 0.0]
[1440, 1479, 1468, 1479, 0.0]
[0, 19, 23, 19, 0.0]
[0, 555, 23, 556, 0.04345089539153084]
[51, 80, 0, 80, -0.0]
[255, 1379, 278, 1379, 0.0]
[345, 1379, 388, 1379, 0.0]
[405, 1263, 405, 1240, 90]
[415, 1479, 443, 1479, 0.0]
[475, 1379, 528, 1379, 0.0]
[519, 1168, 518, 1154, 1.4994888620096063]
[570, 1379, 583, 1379, 0.0]
[604, 755, 588, 755, -0.0]
[635, 719, 635, 704, 90]
[670, 1479, 698, 1479, 0.0]
[763, 95, 738, 96, -0.039978687123290044]
[769, 941, 768, 923, 1.5152978215491797]
[786, 1379, 843, 1379, 0.0]
[798, 916, 780, 913, 0.16514867741462683]
[808, 936, 809, 953, 1.512040504079174]
[814, 516, 814, 504, 90]
[836, 520, 825, 520, -0.0]
[939, 488, 938, 465, 1.5273454314033659]
[925, 1479, 953, 1479, 0.0]
[979, 1203, 979, 1150, 90]
[980, 834, 980, 879, 90]
[985, 965, 984, 919, 1.5490606199531038]
[1031, 859, 1041, 859, 0.0]
[1055, 755, 1036, 755, -0.0]
[1045, 970, 1045, 998, 90]
[1049, 883, 1054, 821, -1.4903253155294358]
[1073, 455, 1060, 455, -0.0]
[1077, 736, 1063, 735, 0.07130746478529032]
[1065, 695, 1074, 695, 0.0]
[1084, 968, 1085, 934, -1.5413930385908916]
[1103, 974, 1091, 974, -0.0]
[1131, 593, 1129, 668, -1.5441359784202986]
[1146, 678, 1165, 681, 0.15660187698201536]
[1213, 776, 1195, 774, 0.11065722117389563]
[1253, 869, 1235, 869, -0.0]
[1260, 1380, 1268, 1380, 0.0]
[1273, 863, 1275, 820, -1.5243181954438936]
[1389, 588, 1389, 560, 90]
[1389, 1203, 1389, 1155, 90]
[1424, 1348, 1424, 1368, 90]
[1483, 754, 1475, 754, -0.0]
[36, 516, 34, 550, -1.512040504079174]
[99, 15, 121, 15, 0.0]
[472, 785, 470, 804, -1.4659193880646628]
[669, 999, 651, 1001, -0.11065722117389563]
[688, 939, 674, 939, -0.0]
[714, 993, 696, 995, -0.11065722117389563]
[709, 1019, 709, 1033, 90]
[721, 453, 720, 460, -1.4288992721907328]
[693, 627, 734, 630, 0.07304056530311932]
[759, 655, 765, 610, -1.4382447944982226]
[790, 724, 790, 733, 90]
[835, 588, 834, 615, -1.5337762109209665]
[869, 694, 869, 704, 90]
[895, 1024, 896, 1035, 1.4801364395941514]
[890, 94, 898, 94, 0.0]
[983, 993, 985, 975, -1.460139105621001]
[1030, 1078, 1030, 1069, 90]
[1041, 1030, 1039, 1044, -1.4288992721907328]
[1042, 965, 1046, 920, -1.482140444927459]
[1058, 1210, 1049, 1210, -0.0]
[1062, 601, 1058, 625, -1.4056476493802699]
[1060, 640, 1060, 669, 90]
[1061, 754, 1058, 784, -1.4711276743037347]
[1095, 524, 1093, 512, 1.4056476493802699]
[1104, 1005, 1104, 1013, 90]
[1206, 1459, 1165, 1459, -0.0]
[1178, 569, 1151, 567, 0.07393903765794034]
[1206, 755, 1196, 755, -0.0]
[1274, 889, 1272, 870, 1.4659193880646628]
[1378, 1141, 1220, 1140, 0.006329029416201856]
[1298, 773, 1278, 776, -0.14888994760949725]
[1285, 574, 1285, 613, 90]
[1336, 551, 1335, 538, 1.4940244355251187]
[1350, 1158, 1373, 1159, 0.04345089539153084]
[1389, 1258, 1389, 1209, 90]
[1394, 373, 1393, 358, 1.5042281630190728]
[1483, 834, 1465, 834, -0.0]
[1499, 553, 1499, 540, 90]
[1505, 1014, 1513, 1014, 0.0]
[229, 1519, 208, 1519, -0.0]
[301, 1519, 280, 1519, -0.0]
[291, 878, 303, 749, -1.478040006606753]
[457, 885, 458, 850, -1.5422326689561365]
[467, 820, 463, 843, -1.3986055122719576]
[485, 1519, 463, 1519, -0.0]
[494, 783, 494, 775, 90]
[495, 755, 496, 765, 1.4711276743037347]
[499, 800, 502, 837, 1.489892227639666]
[504, 889, 504, 880, 90]
[558, 1519, 536, 1519, -0.0]
[648, 734, 630, 731, 0.16514867741462683]
[678, 501, 655, 498, 0.1297025371559121]
[705, 934, 721, 936, 0.12435499454676144]
[730, 1379, 743, 1379, 0.0]
[741, 1519, 719, 1519, -0.0]
[823, 1449, 810, 1449, -0.0]
[849, 859, 849, 878, 90]
[874, 767, 851, 765, 0.08673833867598511]
[884, 622, 920, 620, -0.05549850524571683]
[939, 100, 939, 109, 90]
[924, 914, 981, 914, 0.0]
[966, 994, 979, 996, 0.15264932839526515]
[991, 420, 1023, 424, 0.12435499454676144]
[1033, 799, 1035, 773, -1.4940244355251187]
[1043, 589, 1035, 589, -0.0]
[1151, 1380, 1055, 1379, 0.01041628993096966]
[1060, 740, 1060, 750, 90]
[1062, 548, 1066, 515, -1.4501726582147938]
[1094, 155, 1083, 155, -0.0]
[1121, 674, 1100, 674, -0.0]
[1095, 804, 1119, 805, 0.04164257909858842]
[1125, 194, 1144, 194, 0.0]
[1130, 978, 1156, 981, 0.11487660541689915]
[1131, 439, 1144, 439, 0.0]
[1152, 450, 1150, 469, -1.4659193880646628]
[1150, 471, 1175, 475, 0.1586552621864014]
[1179, 716, 1179, 701, 90]
[1210, 834, 1210, 853, 90]
[1214, 764, 1213, 755, 1.460139105621001]
[1253, 1519, 1231, 1519, -0.0]
[1268, 794, 1258, 794, -0.0]
[1276, 1301, 1275, 1289, 1.4876550949064553]
[1334, 508, 1333, 489, 1.5182132651839548]
[1384, 463, 1384, 445, 90]
[1394, 668, 1393, 646, 1.5253730473733196]
[1434, 1303, 1434, 1313, 90]
[1509, 239, 1488, 239, -0.0]
[1509, 1519, 1488, 1519, -0.0]
[46, 1519, 24, 1519, -0.0]
[613, 92, 531, 90, 0.024385409172718538]
[588, 804, 598, 868, 1.4157995848709557]
[660, 764, 658, 751, 1.4181469983996315]
[758, 999, 760, 971, -1.4994888620096063]
[814, 1519, 793, 1519, -0.0]
[815, 1469, 828, 1469, 0.0]
[868, 691, 926, 690, -0.017239671194529696]
[903, 416, 908, 366, -1.4711276743037347]
[949, 1130, 961, 1129, -0.08314123188844122]
[985, 763, 985, 746, 90]
[996, 1519, 975, 1519, -0.0]
[1070, 1519, 1048, 1519, -0.0]
[1128, 849, 1129, 893, 1.5480729659532555]
[1203, 907, 1186, 905, 0.11710874456686428]
[1205, 633, 1205, 611, 90]
[1244, 1483, 1244, 1470, 90]
[1280, 496, 1280, 488, 90]
[1326, 1519, 1304, 1519, -0.0]
[1334, 484, 1335, 470, -1.4994888620096063]
[1408, 1444, 1393, 1444, -0.0]
[1424, 920, 1424, 958, 90]
[609, 725, 609, 739, 90]
[673, 1454, 653, 1454, -0.0]
[695, 995, 669, 999, -0.15264932839526515]
[839, 738, 853, 739, 0.07130746478529032]
[936, 496, 875, 486, 0.16248910921720336]
[906, 256, 912, 311, 1.4621351109543088]
[1078, 451, 1079, 439, -1.4876550949064553]
[1139, 658, 1136, 630, 1.464060654145761]
[1139, 763, 1141, 776, 1.4181469983996315]
[1280, 669, 1280, 640, 90]
[1449, 573, 1448, 563, 1.4711276743037347]
[1499, 808, 1499, 795, 90]
[508, 900, 512, 923, 1.3986055122719576]
[523, 799, 500, 799, -0.0]
[719, 754, 730, 754, 0.0]
[778, 546, 770, 597, -1.415201498817867]
[788, 1306, 770, 1304, 0.11065722117389563]
[796, 783, 793, 763, 1.4219063791853994]
[908, 855, 890, 855, -0.0]
[932, 543, 934, 510, -1.5102643070127895]
[1059, 675, 1061, 693, 1.460139105621001]
[1070, 1469, 1083, 1469, 0.0]
[1280, 734, 1284, 705, -1.433730152484709]
[1478, 579, 1464, 579, -0.0]
[123, 14, 161, 10, -0.10487693873023389]
[517, 540, 490, 537, 0.11065722117389563]
[590, 831, 585, 802, 1.4000611153196139]
[883, 909, 923, 911, 0.049958395721942765]
[968, 141, 970, 160, 1.4659193880646628]
[1016, 1162, 1019, 1133, -1.4677147182721964]
[1024, 838, 1023, 820, 1.5152978215491797]
[1033, 423, 1036, 405, -1.4056476493802699]
[1038, 693, 1053, 695, 0.13255153229667402]
[1088, 350, 1102, 348, -0.1418970546041639]
[1121, 806, 1121, 841, 90]
[471, 704, 481, 704, 0.0]
[638, 730, 664, 733, 0.11487660541689915]
[1126, 441, 1085, 439, 0.04874185130993159]
[1389, 798, 1389, 770, 90]
[288, 659, 291, 616, -1.5011417530663285]
[925, 970, 924, 995, -1.5308176396716067]
[1009, 161, 1010, 141, -1.5208379310729538]
[1040, 1045, 1058, 1046, 0.05549850524571683]
[1058, 748, 1058, 700, 90]
[1444, 1318, 1444, 1305, 90]
[745, 523, 745, 513, 90]
[1276, 808, 1272, 778, 1.4382447944982226]
[966, 605, 965, 629, -1.5291537476963082]
[1070, 669, 1093, 671, 0.08673833867598511]
[1167, 654, 1169, 640, -1.4288992721907328]
[795, 878, 796, 856, -1.5253730473733196]
[1009, 646, 990, 649, -0.15660187698201536]
[1094, 818, 1094, 806, 90]
[387, 876, 385, 893, -1.4536875822280324]
[749, 859, 751, 835, -1.4876550949064553]
[933, 664, 979, 667, 0.06512516333438588]
[982, 1091, 979, 1113, -1.4352686128093959]
[980, 1114, 982, 1129, 1.4382447944982226]
[1253, 821, 1230, 818, 0.1297025371559121]
[1236, 417, 1277, 410, -0.16910122600137706]
[1389, 1338, 1389, 1310, 90]
[1440, 1289, 1500, 1289, 0.0]
[540, 499, 535, 537, -1.4399689307208396]
[978, 646, 965, 645, 0.07677189126977804]
[1185, 559, 1193, 513, -1.3986055122719576]
[1251, 479, 1278, 483, 0.1470783553884025]
[1444, 293, 1444, 281, 90]
[1444, 553, 1444, 541, 90]
[184, 1481, 68, 1480, 0.008620476112136321]
[211, 935, 310, 921, -0.14048262839039766]
[440, 1481, 323, 1480, 0.008546800432611483]
[485, 1024, 485, 1049, 90]
[491, 980, 467, 984, -0.16514867741462683]
[539, 483, 539, 458, 90]
[688, 1481, 579, 1480, 0.009174054545109998]
[668, 801, 640, 799, 0.07130746478529032]
[734, 1473, 734, 1451, 90]
[749, 1038, 769, 1039, 0.049958395721942765]
[790, 701, 776, 700, 0.07130746478529032]
[800, 933, 798, 917, 1.446441332248135]
[816, 239, 849, 239, 0.0]
[835, 618, 835, 655, 90]
[833, 883, 848, 884, 0.06656816377582381]
[944, 1481, 835, 1480, 0.009174054545109998]
[921, 971, 859, 970, 0.016127633843636236]
[945, 1379, 1018, 1379, 0.0]
[970, 499, 988, 499, 0.0]
[1021, 970, 990, 971, -0.03224688243525392]
[1079, 433, 1079, 413, 90]
[1179, 1480, 1091, 1480, -0.0]
[1118, 977, 1105, 975, 0.15264932839526515]
[1125, 590, 1108, 590, -0.0]
[1125, 890, 1111, 890, -0.0]
[1132, 820, 1134, 800, -1.4711276743037347]
[1193, 679, 1166, 682, -0.11065722117389563]
[1211, 821, 1214, 779, -1.4994888620096063]
[1254, 744, 1270, 744, 0.0]
[1285, 673, 1298, 674, 0.07677189126977804]
[1323, 625, 1301, 626, -0.04542327942157701]
[1336, 855, 1335, 871, -1.5083775167989393]
[1328, 1364, 1361, 1364, 0.0]
[1276, 1137, 1378, 1138, 0.009803607479295975]
[1464, 1481, 1348, 1480, 0.008620476112136321]
[1389, 1133, 1389, 1073, 90]
[1444, 38, 1444, 26, 90]
[1436, 9, 1500, 9, 0.0]
[1498, 1264, 1458, 1264, -0.0]
[246, 559, 295, 560, 0.020405330686538086]
[296, 855, 293, 874, -1.4141944498128813]
[305, 731, 305, 743, 90]
[377, 930, 386, 864, -1.4352686128093959]
[493, 854, 494, 835, -1.5182132651839548]
[708, 630, 684, 632, -0.08314123188844122]
[749, 880, 749, 868, 90]
[780, 1258, 748, 1254, 0.12435499454676144]
[761, 670, 756, 704, -1.4247840690836213]
[844, 666, 815, 665, 0.034469100999508014]
[888, 792, 903, 794, 0.13255153229667402]
[916, 936, 891, 934, 0.07982998571223732]
[924, 963, 924, 940, 90]
[1158, 830, 1159, 818, -1.4876550949064553]
[1330, 139, 1330, 165, 90]
[1389, 335, 1389, 319, 90]
[1389, 623, 1389, 604, 90]
[1499, 38, 1499, 28, 90]
[1499, 1318, 1499, 1308, 90]
[253, 561, 233, 560, 0.049958395721942765]
[424, 1156, 416, 1204, -1.4056476493802699]
[426, 860, 390, 862, -0.05549850524571683]
[568, 1459, 555, 1459, -0.0]
[800, 663, 800, 638, 90]
[856, 970, 840, 970, -0.0]
[858, 1015, 829, 1013, 0.0688564893010446]
[979, 1020, 978, 1010, 1.4711276743037347]
[985, 608, 986, 623, 1.5042281630190728]
[993, 475, 986, 425, 1.4317003853128254]
[1015, 120, 1011, 160, -1.4711276743037347]
[1026, 669, 1053, 670, 0.037020115873930025]
[1061, 1181, 1060, 1206, -1.5308176396716067]
[1089, 633, 1088, 618, 1.5042281630190728]
[1110, 848, 1112, 860, 1.4056476493802699]
[1147, 903, 1159, 904, 0.08314123188844122]
[1301, 775, 1300, 795, -1.5208379310729538]
[342, 1363, 346, 1340, -1.3986055122719576]
[745, 663, 719, 665, -0.07677189126977804]
[752, 828, 754, 815, -1.4181469983996315]
[864, 803, 866, 819, 1.446441332248135]
[898, 850, 901, 798, -1.5131678993174227]
[930, 746, 930, 758, 90]
[980, 829, 980, 803, 90]
[986, 624, 984, 644, -1.4711276743037347]
[995, 560, 995, 573, 90]
[959, 99, 1008, 99, 0.0]
[1017, 628, 1015, 640, -1.4056476493802699]
[1087, 730, 1089, 716, -1.4288992721907328]
[1079, 188, 1124, 194, 0.13255153229667402]
[1213, 923, 1216, 905, -1.4056476493802699]
[1279, 742, 1275, 771, -1.433730152484709]
[161, 945, 150, 945, -0.0]
[654, 515, 651, 497, 1.4056476493802699]
[675, 630, 692, 628, -0.11710874456686428]
[1003, 800, 988, 801, -0.06656816377582381]
[1008, 1263, 1064, 1259, -0.07130746478529032]
[1090, 543, 1068, 540, 0.13552771398550073]
[1211, 560, 1209, 575, -1.4382447944982226]
[1340, 604, 1334, 569, 1.4010180528265581]
[976, 1115, 981, 1069, -1.4625257359344406]
[1454, 504, 1511, 504, 0.0]
[656, 516, 653, 538, -1.4352686128093959]
[1091, 973, 1046, 969, 0.08865588186743747]
[459, 554, 483, 552, -0.08314123188844122]
[772, 569, 777, 538, -1.4108832036366774]
[295, 876, 330, 870, -0.16977827396833844]
[483, 1025, 486, 1006, -1.4141944498128813]
[465, 862, 494, 860, -0.0688564893010446]
[769, 850, 795, 851, 0.03844259002118799]
[999, 915, 1021, 916, 0.04542327942157701]
[215, 891, 290, 878, -0.17162806838088]
[1086, 920, 1060, 917, 0.11487660541689915]
[1080, 770, 1125, 770, 0.0]
[1129, 522, 1150, 525, 0.1418970546041639]
[1205, 585, 1190, 586, -0.06656816377582381]
[1319, 785, 1319, 799, 90]
[934, 1296, 911, 1294, 0.08673833867598511]
[1284, 605, 1280, 549, 1.4994888620096063]
[1281, 549, 1285, 574, 1.412141064608495]
[799, 831, 799, 844, 90]
[1306, 693, 1330, 689, -0.16514867741462683]
[596, 873, 590, 838, 1.4010180528265581]
[793, 899, 793, 879, 90]
[984, 606, 985, 590, -1.5083775167989393]
[1141, 351, 1105, 354, -0.08314123188844122]
[1368, 1459, 1336, 1459, -0.0]
[354, 1194, 348, 1233, -1.4181469983996315]
[1360, 702, 1378, 699, -0.16514867741462683]
[1333, 729, 1348, 730, 0.06656816377582381]
[715, 1013, 715, 994, 90]
[1238, 1459, 1223, 1459, -0.0]
[995, 464, 990, 498, -1.4247840690836213]
[964, 994, 964, 976, 90]
[818, 496, 838, 499, 0.14888994760949725]
[912, 359, 909, 378, -1.4141944498128813]
[921, 1015, 920, 1003, 1.4876550949064553]
[988, 1265, 946, 1270, -0.11848995915813776]
[1171, 370, 1141, 367, 0.09966865249116204]
[304, 745, 304, 765, 90]
[354, 1160, 354, 1183, 90]
[463, 1459, 313, 1459, -0.0]
[445, 1245, 479, 1246, 0.029403288204005115]
[555, 1346, 555, 1329, 90]
[650, 599, 650, 571, 90]
[672, 948, 675, 968, 1.4219063791853994]
[694, 426, 694, 443, 90]
[711, 1035, 730, 1035, 0.0]
[804, 681, 804, 695, 90]
[846, 585, 875, 585, 0.0]
[914, 585, 933, 585, 0.0]
[945, 1269, 911, 1269, -0.0]
[964, 969, 930, 969, -0.0]
[1005, 169, 980, 169, -0.0]
[989, 424, 989, 439, 90]
[1041, 969, 1024, 969, -0.0]
[1066, 1261, 1030, 1265, -0.11065722117389563]
[1035, 728, 1034, 706, 1.5253730473733196]
[1055, 845, 1051, 883, -1.4659193880646628]
[1065, 889, 1055, 889, -0.0]
[1093, 589, 1070, 590, -0.04345089539153084]
[1095, 610, 1095, 589, 90]
[1134, 798, 1138, 775, -1.3986055122719576]
[1145, 421, 1144, 374, 1.5495229407708355]
[1155, 834, 1140, 834, -0.0]
[1151, 564, 1150, 529, 1.5422326689561365]
[1146, 195, 1173, 195, 0.0]
[1159, 314, 1148, 314, -0.0]
[1215, 1194, 1215, 1154, 90]
[1253, 1364, 1226, 1364, -0.0]
[1275, 1271, 1275, 1194, 90]
[1298, 545, 1314, 545, 0.0]
[920, 1069, 918, 1083, -1.4288992721907328]
[969, 126, 969, 139, 90]
[1129, 720, 1129, 743, 90]
[1194, 775, 1194, 793, 90]
[1340, 849, 1340, 835, 90]
[171, 559, 141, 559, -0.0]
[385, 860, 404, 860, 0.0]
[679, 861, 680, 875, 1.4994888620096063]
[755, 723, 754, 710, 1.4940244355251187]
[769, 1254, 781, 1255, 0.08314123188844122]
[861, 885, 879, 885, 0.0]
[1041, 546, 1040, 530, 1.5083775167989393]
[1055, 820, 1057, 755, -1.5400368007244274]
[1093, 889, 1068, 888, 0.039978687123290044]
[1152, 488, 1154, 505, 1.4536875822280324]
[1210, 859, 1190, 858, 0.049958395721942765]
[449, 859, 429, 859, -0.0]
[479, 706, 432, 712, -0.12697278961407893]
[861, 1314, 845, 1314, -0.0]
[1113, 745, 1125, 746, 0.08314123188844122]
[1161, 946, 1160, 910, 1.5430256902014756]
[213, 1459, 199, 1460, -0.07130746478529032]
[1101, 526, 1126, 525, -0.039978687123290044]
[1194, 508, 1196, 490, -1.460139105621001]
[1361, 375, 1360, 389, -1.4994888620096063]
[281, 1026, 293, 1024, -0.16514867741462683]
[503, 838, 505, 850, 1.4056476493802699]
[886, 794, 868, 794, -0.0]
[911, 886, 923, 885, -0.08314123188844122]
[384, 894, 379, 930, -1.4327903031373772]
[801, 814, 800, 794, 1.5208379310729538]
[1048, 918, 1048, 901, 90]
[1325, 489, 1305, 488, 0.049958395721942765]
[904, 794, 925, 797, 0.1418970546041639]
[681, 904, 679, 880, 1.4876550949064553]
[930, 615, 932, 589, -1.4940244355251187]
[1129, 674, 1130, 695, 1.5232132235179132]
[769, 828, 786, 828, 0.0]
[860, 409, 898, 415, 0.15660187698201536]
[976, 799, 958, 798, 0.05549850524571683]
[1015, 589, 998, 588, 0.05875582271572269]
[1185, 920, 1183, 908, 1.4056476493802699]
[1299, 626, 1281, 626, -0.0]
[830, 814, 831, 773, -1.546410917622178]
[207, 913, 209, 895, -1.460139105621001]
[833, 241, 774, 244, -0.050803704058221655]
[405, 859, 445, 857, -0.049958395721942765]
[1153, 506, 1152, 546, -1.5458015331759765]
[882, 1019, 901, 1021, 0.10487693873023389]
[356, 1367, 501, 1367, 0.0]
[764, 1376, 745, 1377, -0.052583061610941714]
[1373, 676, 1360, 677, -0.07677189126977804]
[463, 1372, 373, 1372, -0.0]
[411, 510, 424, 512, 0.15264932839526515]
[770, 1304, 735, 1298, 0.16977827396833844]
[931, 885, 1048, 887, 0.017092352397716833]
[1148, 526, 1100, 528, -0.04164257909858842]
[25, 18, 54, 18, 0.0]
[35, 76, 118, 77, 0.012047609854185994]
[56, 17, 98, 16, -0.023805026185069942]
[119, 78, 133, 78, 0.0]
[210, 81, 253, 81, 0.0]
[373, 87, 235, 86, 0.007246249979897152]
[255, 82, 403, 83, 0.006756653935785246]
[496, 810, 497, 800, -1.4711276743037347]
[570, 86, 608, 87, 0.02630971725292219]
[770, 91, 829, 91, 0.0]
[846, 838, 847, 820, -1.5152978215491797]
[831, 92, 888, 93, 0.017542060057402487]
[1010, 96, 1378, 97, 0.0027173846157764626]
[1043, 871, 1028, 871, -0.0]
[1284, 101, 1041, 101, -0.0]
[1055, 626, 1045, 626, -0.0]
[1088, 918, 1118, 917, -0.033320995878247196]
[1118, 841, 1118, 830, 90]
[1178, 900, 1177, 885, 1.5042281630190728]
[1270, 776, 1256, 777, -0.07130746478529032]
[1273, 628, 1280, 628, 0.0]
[1285, 623, 1318, 623, 0.0]
[1328, 726, 1328, 720, 90]
[1423, 130, 1420, 76, 1.5152978215491797]
[1421, 168, 1422, 131, -1.5437758776076318]
[1422, 935, 1421, 920, 1.5042281630190728]
[1471, 1007, 1493, 1006, -0.04542327942157701]
[988, 941, 987, 968, -1.5337762109209665]
[1058, 609, 1058, 590, 90]
[1217, 1138, 1234, 1136, -0.11710874456686428]
[1421, 75, 1422, 63, -1.4876550949064553]
[1422, 183, 1421, 169, 1.4994888620096063]
[195, 8, 229, 5, -0.08800737352774077]
[483, 1247, 463, 1249, -0.09966865249116204]
[609, 88, 656, 87, -0.021273386024061203]
[721, 1275, 721, 1266, 90]
[745, 634, 709, 631, 0.08314123188844122]
[991, 501, 1008, 501, 0.0]
[1029, 861, 1025, 838, 1.3986055122719576]
[1031, 488, 1031, 496, 90]
[1045, 1376, 1059, 1376, 0.0]
[1061, 700, 1061, 713, 90]
[1096, 835, 1096, 843, 90]
[1217, 780, 1216, 794, -1.4994888620096063]
[1277, 856, 1276, 874, -1.5152978215491797]
[1391, 58, 1392, 68, 1.4711276743037347]
[1391, 208, 1391, 229, 90]
[1391, 945, 1391, 971, 90]
[799, 1382, 785, 1382, -0.0]
[835, 762, 854, 763, 0.052583061610941714]
[1115, 1408, 1064, 1406, 0.03919560192705471]
[1135, 1405, 1116, 1407, -0.10487693873023389]
[1278, 820, 1278, 834, 90]
[1392, 110, 1391, 124, -1.4994888620096063]
[1391, 171, 1391, 188, 90]
[1456, 1007, 1469, 1006, -0.07677189126977804]
[531, 556, 519, 556, -0.0]
[770, 1372, 813, 1372, 0.0]
[982, 1148, 983, 1169, 1.5232132235179132]
[1095, 558, 1096, 546, -1.4876550949064553]
[1125, 772, 1108, 773, -0.05875582271572269]
[1212, 1278, 1213, 1235, -1.5475447039844337]
[1360, 747, 1378, 749, 0.11065722117389563]
[938, 510, 936, 524, -1.4288992721907328]
[1026, 609, 1026, 595, 90]
[1045, 803, 1025, 803, -0.0]
[1172, 878, 1171, 860, 1.5152978215491797]
[1213, 705, 1213, 730, 90]
[1281, 543, 1281, 528, 90]
[6, 501, 0, 501, -0.0]
[68, 1478, 158, 1478, 0.0]
[303, 746, 302, 708, 1.5444866095419745]
[323, 1478, 413, 1478, 0.0]
[336, 491, 326, 491, -0.0]
[579, 1478, 668, 1478, 0.0]
[826, 537, 811, 536, 0.06656816377582381]
[833, 630, 833, 616, 90]
[835, 1478, 923, 1478, 0.0]
[890, 968, 923, 968, 0.0]
[923, 928, 923, 915, 90]
[939, 1390, 925, 1392, -0.1418970546041639]
[930, 690, 930, 705, 90]
[958, 766, 957, 756, 1.4711276743037347]
[983, 916, 965, 916, -0.0]
[977, 852, 978, 835, -1.512040504079174]
[978, 880, 978, 871, 90]
[1023, 723, 1023, 714, 90]
[1217, 1141, 1217, 1230, 90]
[1236, 1138, 1274, 1138, 0.0]
[1243, 458, 1258, 458, 0.0]
[1283, 514, 1283, 526, 90]
[1216, 1362, 1325, 1363, 0.009174054545109998]
[1296, 685, 1297, 697, 1.4876550949064553]
[1348, 1478, 1438, 1478, 0.0]
[1391, 905, 1392, 943, 1.5444866095419745]
[1500, 11, 1484, 12, -0.06241880999595735]
[1500, 1291, 1484, 1292, -0.06241880999595735]
[1514, 761, 1502, 762, -0.08314123188844122]
[58, 1472, 50, 1471, 0.12435499454676144]
[313, 1471, 305, 1471, -0.0]
[357, 1263, 358, 1253, -1.4711276743037347]
[568, 1471, 560, 1472, -0.12435499454676144]
[583, 1241, 582, 1263, -1.5253730473733196]
[753, 918, 751, 896, 1.4801364395941514]
[783, 1377, 764, 1377, -0.0]
[870, 968, 880, 968, 0.0]
[1058, 810, 1056, 826, -1.446441332248135]
[1098, 714, 1097, 706, 1.446441332248135]
[1288, 907, 1270, 906, 0.05549850524571683]
[1338, 1472, 1330, 1471, 0.12435499454676144]
[1420, 760, 1405, 762, -0.13255153229667402]
[681, 781, 674, 781, -0.0]
[962, 638, 963, 619, -1.5182132651839548]
[1033, 1181, 1025, 1181, -0.0]
[1063, 513, 1048, 512, 0.06656816377582381]
[1137, 628, 1138, 616, -1.4876550949064553]
[1213, 1304, 1213, 1278, 90]
[1514, 505, 1498, 506, -0.06241880999595735]
[193, 941, 170, 944, -0.1297025371559121]
[648, 572, 626, 571, 0.04542327942157701]
[655, 471, 669, 473, 0.1418970546041639]
[856, 621, 838, 619, 0.11065722117389563]
[889, 887, 879, 886, 0.09966865249116204]
[987, 423, 985, 396, 1.4968572891369563]
[1028, 746, 1028, 765, 90]
[1085, 490, 1073, 492, -0.16514867741462683]
[1142, 363, 1143, 353, -1.4711276743037347]
[1444, 11, 1438, 11, -0.0]
[661, 843, 663, 856, 1.4181469983996315]
[672, 497, 683, 498, 0.09065988720074511]
[916, 1083, 918, 1035, -1.5291537476963082]
[989, 721, 1005, 720, -0.06241880999595735]
[1209, 662, 1206, 684, -1.4352686128093959]
[961, 474, 963, 493, 1.4659193880646628]
[1010, 141, 1013, 118, -1.4410937896389846]
[1239, 182, 1274, 182, 0.0]
[587, 776, 601, 778, 0.1418970546041639]
[640, 697, 649, 698, 0.11065722117389563]
[676, 477, 689, 476, -0.07677189126977804]
[1392, 126, 1392, 145, 90]
[1392, 876, 1391, 903, -1.5337762109209665]
[159, 943, 173, 941, -0.1418970546041639]
[1046, 967, 1060, 968, 0.07130746478529032]
[1151, 524, 1151, 493, 90]
[1212, 830, 1232, 833, 0.14888994760949725]
[1165, 1384, 1185, 1384, 0.0]
[1300, 1157, 1310, 1157, 0.0]
[1045, 546, 1060, 547, 0.06656816377582381]
[1425, 512, 1516, 512, 0.0]
[35, 501, 36, 515, 1.4994888620096063]
[933, 611, 933, 625, 90]
[970, 586, 985, 587, 0.06656816377582381]
[1057, 653, 1057, 635, 90]
[1108, 615, 1108, 631, 90]
[955, 785, 975, 786, 0.049958395721942765]
[1322, 875, 1320, 850, 1.4909663410826592]
[290, 926, 259, 931, -0.15991312315821926]
[981, 716, 981, 674, 90]
[1170, 789, 1153, 787, 0.11710874456686428]
[672, 735, 669, 717, 1.4056476493802699]
[730, 752, 751, 752, 0.0]
[773, 491, 772, 506, -1.5042281630190728]
[955, 754, 939, 752, 0.12435499454676144]
[1320, 838, 1322, 851, 1.4181469983996315]
[948, 1066, 920, 1068, -0.07130746478529032]
[1419, 767, 1516, 767, 0.0]
[1172, 633, 1170, 621, 1.4056476493802699]
[1422, 1174, 1422, 1156, 90]
[930, 653, 931, 624, -1.5363272257953886]
[353, 1184, 353, 1193, 90]
[58, 370, 34, 366, 0.16514867741462683]
[831, 766, 830, 718, 1.5499660067586796]
[886, 932, 900, 931, -0.07130746478529032]
[1098, 160, 1098, 171, 90]
[769, 1011, 786, 1012, 0.05875582271572269]
[1352, 683, 1352, 670, 90]
[629, 856, 630, 840, -1.5083775167989393]
[974, 833, 961, 833, -0.0]
[69, 476, 65, 500, -1.4056476493802699]
[1065, 928, 1049, 928, -0.0]
[209, 592, 220, 591, -0.09065988720074511]
[948, 779, 934, 778, 0.07130746478529032]
[948, 585, 970, 586, 0.04542327942157701]
[1318, 800, 1317, 828, -1.5350972141155728]
[800, 624, 785, 622, 0.13255153229667402]
[965, 1301, 978, 1301, 0.0]
[443, 556, 456, 554, -0.15264932839526515]
[1200, 314, 1171, 313, 0.034469100999508014]
[934, 566, 933, 583, -1.512040504079174]
[479, 535, 450, 530, 0.1707352114752828]
[1245, 183, 938, 183, -0.0]
[785, 982, 771, 983, -0.07130746478529032]
[832, 769, 833, 794, 1.5308176396716067]
[1066, 345, 1066, 326, 90]
[1208, 581, 1208, 599, 90]
[1138, 736, 1138, 754, 90]
[867, 708, 868, 728, 1.5208379310729538]
[974, 718, 958, 718, -0.0]
[718, 974, 717, 1010, -1.5430256902014756]
[1018, 1122, 1003, 1123, -0.06656816377582381]
[1043, 918, 1030, 918, -0.0]
[1124, 717, 1105, 718, -0.052583061610941714]
[1139, 678, 1138, 736, -1.5535566556003668]
[1212, 748, 1210, 731, 1.4536875822280324]
[211, 899, 208, 931, -1.477319545636307]
[833, 835, 833, 848, 90]
[984, 1063, 982, 1089, -1.4940244355251187]
[1008, 1263, 991, 1263, -0.0]
[833, 795, 833, 831, 90]
[981, 888, 954, 888, -0.0]
[1319, 551, 1334, 551, 0.0]
[981, 665, 981, 650, 90]
[1135, 870, 1137, 853, -1.4536875822280324]
[889, 1313, 863, 1314, -0.03844259002118799]
[1218, 493, 1198, 492, 0.049958395721942765]
[1129, 918, 1111, 920, -0.11065722117389563]
[1105, 1162, 1094, 1163, -0.09065988720074511]
[653, 607, 665, 606, -0.08314123188844122]
[953, 888, 931, 888, -0.0]
[852, 1259, 851, 1246, 1.4940244355251187]
[1162, 910, 1163, 923, 1.4940244355251187]
[1082, 1038, 1082, 1026, 90]
[31, 1457, 43, 1457, 0.0]
[1061, 1377, 1080, 1377, 0.0]
[843, 1382, 833, 1382, -0.0]
[930, 967, 984, 967, 0.0]
[1200, 512, 1213, 512, 0.0]
[1223, 817, 1215, 817, -0.0]
[313, 1458, 438, 1457, -0.007999829339886634]
[457, 904, 457, 895, 90]
[454, 1457, 463, 1457, 0.0]
[857, 738, 857, 760, 90]
[979, 1142, 995, 1142, 0.0]
[987, 920, 987, 939, 90]
[1037, 674, 1037, 688, 90]
[1075, 1022, 1061, 1022, -0.0]
[1157, 851, 1157, 835, 90]
[860, 967, 868, 967, 0.0]
[927, 795, 926, 784, 1.4801364395941514]
[928, 863, 927, 878, -1.5042281630190728]
[1372, 863, 1372, 856, 90]
[1456, 1263, 1469, 1262, -0.07677189126977804]
[1098, 747, 1088, 747, -0.0]
[1228, 797, 1220, 797, -0.0]
[1412, 404, 1412, 394, 90]
[213, 878, 213, 888, 90]
[896, 585, 913, 585, 0.0]
[1127, 768, 1126, 750, 1.5152978215491797]
[1136, 711, 1136, 678, 90]
[1028, 1378, 1043, 1379, 0.06656816377582381]
[1081, 1377, 1151, 1377, 0.0]
[1147, 374, 1147, 388, 90]
[961, 767, 974, 768, 0.07677189126977804]
[537, 1464, 538, 1454, -1.4711276743037347]
[694, 1241, 680, 1243, -0.1418970546041639]
[293, 618, 292, 633, -1.5042281630190728]
[58, 1457, 181, 1457, 0.0]
[66, 1517, 190, 1517, 0.0]
[211, 871, 213, 853, -1.460139105621001]
[323, 1517, 446, 1517, 0.0]
[400, 557, 421, 557, 0.0]
[578, 1517, 701, 1517, 0.0]
[816, 1372, 860, 1372, 0.0]
[834, 1517, 958, 1517, 0.0]
[1090, 1517, 1214, 1517, 0.0]
[1346, 1517, 1470, 1517, 0.0]
[1422, 338, 1422, 326, 90]
[193, 557, 203, 557, 0.0]
[487, 1050, 488, 1063, 1.4940244355251187]
[1384, 738, 1384, 725, 90]
[110, 1369, 348, 1369, 0.0]
[170, 1370, 110, 1370, -0.0]
[193, 84, 208, 84, 0.0]
[531, 89, 568, 89, 0.0]
[1390, 191, 1390, 205, 90]
[1484, 1034, 1496, 1034, 0.0]
[1123, 566, 1135, 566, 0.0]
[926, 811, 926, 800, 90]
[1328, 913, 1316, 913, -0.0]
[1036, 889, 1024, 889, -0.0]
[1109, 400, 1110, 390, -1.4711276743037347]
[403, 84, 376, 84, -0.0]
[501, 1369, 466, 1369, -0.0]
[1093, 1454, 1083, 1455, -0.09966865249116204]
