[11, 265, 11, 448]
[10, 536, 10, 593]
[270, 719, 278, 719]
[306, 320, 288, 321]
[420, 4, 514, 4]
[488, 365, 478, 365]
[516, 3, 543, 4]
[540, 734, 566, 734]
[550, 4, 569, 4]
[589, 581, 590, 594]
[591, 709, 674, 709]
[571, 5, 648, 4]
[664, 580, 610, 580]
[765, 17, 593, 14]
[753, 400, 718, 399]
[676, 709, 766, 709]
[784, 63, 784, 55]
[855, 519, 968, 519]
[930, 454, 943, 454]
[840, 264, 991, 264]
[20, 720, 63, 720]
[118, 694, 53, 694]
[75, 719, 83, 719]
[110, 720, 133, 720]
[211, 316, 165, 309]
[238, 719, 265, 719]
[328, 719, 315, 719]
[340, 734, 353, 734]
[415, 720, 428, 720]
[504, 673, 504, 660]
[520, 319, 528, 319]
[520, 405, 529, 405]
[574, 518, 574, 529]
[675, 5, 718, 5]
[690, 69, 763, 69]
[735, 5, 748, 5]
[735, 720, 768, 720]
[775, 183, 775, 160]
[858, 754, 824, 754]
[973, 754, 960, 754]
[989, 200, 989, 38]
[989, 456, 989, 294]
[989, 711, 989, 550]
[5, 708, 5, 680]
[8, 215, 9, 165]
[10, 630, 9, 664]
[9, 605, 10, 618]
[41, 15, 35, 15]
[223, 124, 224, 98]
[280, 118, 280, 125]
[305, 734, 313, 734]
[479, 75, 488, 75]
[485, 720, 494, 720]
[495, 438, 495, 448]
[499, 270, 499, 283]
[575, 550, 566, 550]
[588, 620, 589, 708]
[585, 515, 610, 515]
[671, 135, 655, 136]
[779, 35, 779, 53]
[779, 70, 779, 83]
[779, 100, 779, 118]
[784, 18, 784, 10]
[829, 90, 829, 166]
[829, 660, 829, 673]
[998, 259, 840, 259]
[925, 199, 953, 199]
[829, 759, 1001, 759]
[9, 148, 9, 140]
[6, 413, 8, 255]
[108, 637, 90, 642]
[259, 543, 259, 530]
[325, 260, 324, 270]
[349, 25, 349, 39]
[544, 39, 546, 10]
[619, 373, 619, 365]
[658, 39, 650, 39]
[735, 315, 726, 315]
[829, 579, 829, 603]
[85, 231, 85, 240]
[311, 505, 305, 505]
[331, 395, 349, 400]
[361, 735, 340, 738]
[450, 719, 468, 720]
[475, 450, 493, 450]
[517, 607, 520, 591]
[620, 69, 668, 69]
[795, 719, 813, 719]
[834, 430, 834, 444]
[101, 513, 115, 514]
[128, 50, 108, 50]
[169, 356, 169, 365]
[330, 500, 323, 500]
[421, 33, 419, 53]
[599, 580, 590, 580]
[996, 239, 975, 239]
[124, 678, 124, 685]
[448, 229, 421, 238]
[624, 385, 625, 393]
[854, 573, 853, 563]
[414, 454, 414, 445]
[504, 714, 499, 693]
[783, 508, 783, 255]
[619, 338, 619, 348]
[751, 594, 751, 614]
[154, 553, 153, 536]
[463, 366, 448, 365]
[610, 521, 610, 550]
[468, 240, 470, 250]
[613, 294, 623, 294]
[678, 405, 652, 407]
[125, 556, 126, 565]
[429, 78, 430, 86]
[756, 414, 765, 414]
[52, 625, 48, 640]
[366, 489, 354, 491]
[654, 134, 667, 132]
[963, 579, 955, 579]
[423, 520, 409, 520]
[480, 434, 499, 434]
[250, 355, 241, 374]
[298, 421, 299, 435]
[710, 30, 698, 29]
[773, 718, 774, 700]
[9, 233, 9, 216]
[96, 221, 83, 220]
[106, 234, 120, 234]
[323, 100, 310, 100]
[338, 494, 348, 492]
[350, 314, 358, 312]
[465, 66, 455, 65]
[470, 318, 470, 329]
[499, 50, 484, 50]
[593, 69, 613, 69]
[614, 401, 614, 391]
[763, 580, 666, 581]
[740, 14, 760, 14]
[794, 61, 794, 46]
[944, 201, 874, 200]
[874, 454, 925, 454]
[838, 9, 988, 9]
[15, 625, 35, 625]
[142, 430, 140, 443]
[269, 490, 271, 503]
[318, 221, 320, 204]
[393, 415, 406, 415]
[429, 415, 429, 393]
[436, 157, 448, 208]
[62, 610, 66, 590]
[303, 284, 280, 291]
[310, 443, 320, 445]
[373, 698, 375, 684]
[671, 109, 683, 108]
[470, 384, 488, 384]
[503, 232, 484, 230]
[519, 674, 512, 651]
[530, 285, 530, 306]
[551, 359, 548, 374]
[979, 540, 979, 573]
[535, 366, 536, 383]
[589, 68, 588, 15]
[855, 504, 1000, 504]
[163, 649, 166, 658]
[214, 458, 228, 463]
[220, 315, 228, 313]
[417, 663, 388, 654]
[457, 700, 461, 684]
[531, 390, 530, 404]
[707, 512, 717, 515]
[799, 243, 808, 244]
[98, 250, 81, 243]
[154, 556, 151, 573]
[463, 684, 460, 700]
[588, 604, 589, 618]
[301, 109, 300, 126]
[500, 534, 504, 514]
[277, 128, 279, 105]
[319, 38, 305, 40]
[470, 451, 451, 453]
[979, 26, 979, 58]
[979, 283, 979, 313]
[180, 491, 194, 495]
[205, 410, 189, 414]
[349, 494, 337, 497]
[379, 672, 376, 696]
[617, 321, 612, 295]
[446, 209, 431, 151]
[310, 465, 325, 462]
[437, 484, 441, 500]
[210, 465, 208, 455]
[235, 495, 248, 492]
[366, 538, 346, 543]
[523, 575, 529, 555]
[244, 196, 232, 226]
[765, 330, 751, 325]
[78, 555, 75, 565]
[250, 170, 245, 191]
[677, 332, 705, 322]
[278, 288, 303, 281]
[506, 628, 490, 638]
[709, 279, 701, 282]
[240, 54, 215, 54]
[350, 40, 368, 40]
[355, 431, 355, 420]
[430, 460, 430, 435]
[465, 349, 441, 349]
[453, 450, 461, 450]
[469, 295, 469, 309]
[483, 689, 501, 691]
[731, 415, 754, 415]
[763, 429, 751, 429]
[998, 514, 836, 514]
[873, 710, 923, 710]
[72, 570, 65, 580]
[86, 242, 95, 246]
[91, 78, 105, 48]
[123, 235, 139, 234]
[144, 694, 157, 697]
[541, 513, 535, 540]
[733, 298, 721, 301]
[754, 661, 754, 673]
[765, 58, 765, 25]
[142, 489, 138, 467]
[153, 265, 133, 259]
[170, 415, 185, 414]
[325, 253, 325, 241]
[502, 692, 508, 721]
[510, 415, 508, 429]
[520, 362, 518, 378]
[614, 135, 598, 134]
[64, 244, 75, 242]
[389, 446, 391, 433]
[450, 431, 449, 448]
[615, 421, 615, 404]
[196, 345, 211, 346]
[425, 283, 403, 291]
[460, 701, 451, 706]
[517, 654, 522, 673]
[765, 636, 765, 625]
[304, 444, 306, 425]
[483, 614, 485, 604]
[490, 381, 491, 369]
[193, 498, 178, 494]
[591, 19, 591, 40]
[246, 701, 227, 708]
[322, 29, 320, 38]
[122, 260, 118, 274]
[243, 190, 247, 169]
[618, 363, 615, 324]
[88, 572, 103, 579]
[642, 136, 639, 151]
[335, 249, 336, 231]
[580, 462, 594, 459]
[641, 523, 648, 538]
[225, 619, 268, 610]
[489, 156, 487, 145]
[473, 47, 508, 49]
[223, 707, 243, 698]
[495, 165, 497, 177]
[507, 514, 502, 536]
[524, 596, 515, 616]
[636, 152, 641, 132]
[705, 321, 727, 312]
[275, 141, 266, 140]
[796, 683, 799, 664]
[90, 80, 74, 102]
[327, 464, 310, 468]
[742, 317, 767, 328]
[408, 7, 330, 7]
[616, 538, 620, 527]
[184, 310, 213, 313]
[321, 6, 140, 6]
[375, 672, 360, 666]
[705, 397, 739, 395]
[2, 355, 1, 395]
[6, 678, 7, 611]
[45, 638, 48, 622]
[56, 598, 58, 588]
[238, 375, 214, 362]
[321, 268, 322, 256]
[359, 258, 370, 255]
[482, 658, 485, 639]
[786, 259, 787, 273]
[828, 168, 826, 90]
[88, 638, 105, 635]
[182, 331, 180, 342]
[261, 2, 283, 3]
[273, 105, 271, 116]
[285, 3, 409, 3]
[334, 101, 335, 126]
[390, 679, 419, 687]
[431, 232, 443, 226]
[777, 575, 776, 718]
[1, 398, 1, 431]
[6, 439, 6, 414]
[6, 490, 7, 441]
[6, 593, 6, 550]
[11, 450, 11, 534]
[139, 2, 236, 2]
[178, 333, 175, 325]
[268, 129, 268, 120]
[306, 470, 308, 478]
[428, 81, 410, 81]
[438, 281, 428, 281]
[486, 646, 486, 658]
[519, 258, 548, 258]
[550, 261, 520, 262]
[648, 7, 579, 8]
[616, 296, 616, 305]
[635, 578, 765, 578]
[671, 13, 723, 13]
[699, 278, 708, 275]
[714, 401, 703, 401]
[748, 614, 748, 594]
[783, 251, 782, 160]
[782, 715, 783, 518]
[824, 752, 858, 751]
[1, 546, 1, 593]
[8, 253, 8, 245]
[53, 691, 75, 691]
[143, 661, 143, 654]
[166, 521, 168, 503]
[232, 316, 221, 318]
[455, 650, 457, 636]
[469, 268, 478, 266]
[502, 721, 485, 724]
[509, 367, 498, 366]
[569, 484, 578, 481]
[586, 709, 586, 574]
[653, 406, 640, 406]
[683, 111, 674, 111]
[695, 83, 697, 97]
[700, 26, 725, 27]
[741, 397, 755, 396]
[826, 63, 828, 53]
[826, 603, 827, 585]
[2, 195, 1, 253]
[1, 261, 2, 344]
[1, 344, 1, 353]
[1, 471, 1, 498]
[8, 666, 8, 708]
[11, 195, 11, 233]
[54, 244, 52, 234]
[111, 661, 116, 648]
[309, 279, 318, 275]
[315, 716, 328, 716]
[346, 34, 347, 24]
[451, 361, 468, 363]
[494, 452, 484, 453]
[490, 138, 496, 138]
[533, 383, 533, 370]
[640, 403, 668, 402]
[693, 98, 693, 86]
[773, 553, 773, 483]
[773, 698, 773, 571]
[778, 160, 778, 183]
[960, 751, 973, 751]
[985, 237, 994, 236]
[992, 48, 991, 65]
[992, 299, 992, 449]
[63, 723, 20, 723]
[67, 596, 66, 611]
[92, 632, 74, 631]
[78, 692, 118, 691]
[133, 723, 110, 723]
[112, 47, 128, 49]
[239, 3, 253, 2]
[285, 317, 304, 316]
[415, 49, 419, 32]
[428, 723, 415, 723]
[420, 233, 430, 232]
[445, 703, 456, 701]
[488, 77, 472, 80]
[485, 226, 493, 226]
[514, 386, 481, 386]
[496, 283, 496, 270]
[571, 528, 571, 519]
[606, 518, 586, 518]
[765, 711, 591, 711]
[643, 251, 631, 252]
[718, 8, 675, 8]
[728, 251, 727, 244]
[750, 723, 735, 723]
[748, 8, 735, 8]
[776, 53, 776, 35]
[776, 83, 776, 70]
[776, 118, 776, 100]
[826, 673, 826, 660]
[835, 256, 1004, 256]
[992, 555, 992, 705]
[12, 245, 11, 255]
[71, 563, 74, 554]
[71, 628, 79, 628]
[272, 118, 272, 126]
[296, 472, 271, 478]
[428, 277, 438, 276]
[428, 223, 441, 217]
[466, 253, 466, 240]
[473, 386, 459, 386]
[481, 270, 470, 273]
[528, 403, 528, 390]
[624, 321, 628, 298]
[669, 401, 678, 401]
[772, 266, 773, 254]
[990, 761, 839, 761]
[992, 68, 992, 200]
[1000, 761, 991, 762]
[50, 1, 39, 2]
[53, 229, 51, 218]
[118, 518, 102, 515]
[165, 306, 174, 306]
[227, 113, 226, 126]
[228, 227, 242, 195]
[373, 303, 393, 290]
[549, 10, 547, 30]
[765, 417, 755, 416]
[787, 490, 786, 519]
[988, 267, 844, 266]
[83, 218, 96, 218]
[123, 236, 106, 236]
[156, 539, 157, 553]
[241, 518, 248, 516]
[261, 531, 262, 543]
[285, 486, 276, 487]
[261, 97, 288, 98]
[295, 438, 296, 423]
[306, 97, 324, 98]
[431, 393, 431, 416]
[468, 723, 450, 722]
[515, 123, 525, 107]
[610, 71, 591, 71]
[607, 549, 608, 519]
[668, 72, 620, 71]
[761, 71, 690, 72]
[796, 48, 796, 61]
[874, 198, 923, 198]
[923, 456, 874, 456]
[943, 457, 924, 457]
[985, 11, 841, 10]
[62, 579, 69, 567]
[154, 492, 169, 493]
[455, 63, 464, 63]
[483, 453, 471, 451]
[481, 703, 481, 713]
[616, 390, 617, 410]
[725, 315, 686, 333]
[805, 246, 798, 246]
[63, 262, 53, 260]
[81, 241, 83, 226]
[175, 306, 183, 309]
[226, 101, 227, 111]
[289, 485, 292, 497]
[321, 213, 321, 223]
[410, 518, 421, 518]
[415, 439, 417, 447]
[416, 448, 416, 464]
[466, 311, 459, 311]
[468, 331, 468, 318]
[559, 736, 543, 737]
[561, 448, 561, 455]
[598, 395, 597, 388]
[744, 346, 724, 346]
[12, 165, 12, 195]
[136, 448, 138, 435]
[177, 417, 163, 416]
[316, 312, 328, 315]
[453, 198, 450, 179]
[479, 362, 491, 363]
[506, 660, 507, 674]
[573, 264, 597, 279]
[597, 106, 589, 115]
[618, 308, 618, 329]
[641, 320, 641, 334]
[593, 11, 668, 13]
[138, 708, 138, 700]
[300, 417, 312, 414]
[346, 49, 347, 35]
[373, 546, 360, 548]
[590, 577, 633, 577]
[674, 290, 666, 292]
[787, 519, 787, 528]
[843, 267, 833, 259]
[319, 280, 311, 282]
[318, 497, 329, 497]
[594, 281, 569, 265]
[13, 104, 42, 77]
[210, 348, 190, 346]
[355, 488, 365, 487]
[534, 530, 539, 513]
[68, 54, 99, 26]
[394, 294, 374, 307]
[629, 57, 639, 49]
[26, 628, 15, 627]
[100, 30, 70, 57]
[106, 51, 94, 79]
[581, 117, 594, 104]
[727, 311, 743, 315]
[139, 236, 125, 237]
[132, 255, 151, 263]
[337, 649, 374, 669]
[590, 53, 591, 69]
[855, 563, 857, 573]
[951, 202, 944, 202]
[163, 396, 157, 410]
[273, 447, 263, 464]
[347, 403, 328, 395]
[646, 541, 638, 524]
[230, 482, 214, 475]
[75, 96, 87, 78]
[117, 668, 111, 661]
[333, 551, 353, 537]
[446, 680, 447, 696]
[637, 367, 651, 384]
[171, 463, 163, 475]
[354, 537, 366, 536]
[428, 91, 427, 83]
[475, 79, 478, 60]
[556, 537, 550, 550]
[19, 15, 5, 28]
[125, 19, 84, 57]
[138, 501, 143, 513]
[506, 428, 507, 393]
[512, 614, 518, 603]
[46, 79, 14, 107]
[211, 643, 237, 633]
[496, 633, 509, 617]
[510, 620, 505, 627]
[652, 507, 634, 494]
[66, 74, 35, 102]
[194, 287, 177, 279]
[519, 126, 514, 136]
[563, 402, 557, 419]
[645, 44, 638, 54]
[83, 54, 110, 29]
[129, 537, 121, 554]
[329, 561, 326, 570]
[630, 453, 626, 446]
[648, 386, 636, 368]
[114, 557, 124, 542]
[155, 406, 161, 395]
[278, 722, 238, 722]
[416, 278, 428, 257]
[476, 300, 495, 283]
[704, 701, 688, 702]
[34, 99, 62, 72]
[166, 461, 148, 453]
[624, 346, 633, 340]
[84, 106, 75, 114]
[404, 687, 384, 678]
[500, 283, 477, 302]
[750, 299, 740, 298]
[154, 698, 145, 697]
[244, 631, 256, 631]
[139, 715, 119, 715]
[394, 425, 392, 446]
[536, 489, 551, 475]
[578, 7, 550, 7]
[411, 421, 425, 420]
[548, 547, 554, 535]
[110, 307, 115, 323]
[74, 99, 49, 117]
[48, 114, 73, 96]
[146, 449, 170, 460]
[223, 502, 217, 511]
[270, 613, 259, 613]
[637, 493, 654, 506]
[642, 133, 653, 117]
[235, 722, 225, 723]
[553, 477, 538, 491]
[976, 573, 977, 554]
[200, 117, 219, 132]
[459, 684, 468, 677]
[220, 137, 195, 116]
[648, 46, 662, 57]
[99, 508, 105, 493]
[295, 468, 300, 454]
[120, 502, 116, 510]
[335, 448, 329, 463]
[91, 307, 68, 298]
[244, 452, 252, 437]
[158, 474, 144, 467]
[248, 616, 227, 621]
[367, 323, 366, 333]
[215, 473, 226, 478]
[655, 119, 643, 136]
[219, 132, 231, 149]
[74, 110, 89, 100]
[150, 370, 137, 395]
[110, 246, 128, 246]
[144, 464, 158, 470]
[430, 258, 419, 279]
[603, 206, 591, 213]
[628, 111, 599, 102]
[366, 289, 360, 276]
[418, 543, 446, 560]
[456, 548, 446, 548]
[229, 77, 240, 64]
[454, 57, 461, 49]
[489, 301, 503, 290]
[343, 420, 337, 438]
[659, 322, 673, 322]
[751, 325, 736, 316]
[103, 455, 116, 429]
[763, 542, 745, 532]
[498, 693, 480, 692]
[96, 423, 81, 451]
[210, 382, 216, 368]
[264, 459, 271, 443]
[272, 369, 284, 372]
[329, 658, 314, 653]
[328, 459, 332, 445]
[362, 274, 371, 298]
[570, 90, 593, 95]
[102, 582, 86, 575]
[273, 393, 255, 384]
[324, 564, 334, 552]
[348, 146, 380, 180]
[88, 484, 95, 470]
[437, 495, 434, 484]
[235, 75, 208, 93]
[216, 360, 234, 370]
[376, 178, 346, 147]
[193, 551, 177, 543]
[345, 544, 330, 561]
[636, 632, 627, 646]
[653, 637, 644, 646]
[276, 475, 285, 471]
[339, 220, 337, 250]
[596, 460, 585, 464]
[134, 401, 111, 447]
[752, 671, 752, 658]
[159, 691, 181, 657]
[313, 302, 296, 304]
[198, 98, 229, 76]
[535, 496, 548, 501]
[658, 58, 647, 47]
[977, 35, 977, 26]
[257, 382, 272, 390]
[413, 383, 400, 383]
[597, 375, 600, 389]
[625, 644, 631, 634]
[241, 67, 235, 75]
[347, 557, 354, 550]
[363, 334, 341, 334]
[554, 96, 539, 100]
[68, 185, 77, 189]
[100, 466, 90, 486]
[183, 658, 161, 692]
[229, 152, 221, 138]
[466, 383, 467, 370]
[254, 439, 246, 454]
[258, 360, 271, 368]
[337, 660, 356, 667]
[327, 231, 327, 253]
[444, 562, 418, 546]
[601, 496, 588, 506]
[269, 369, 255, 362]
[546, 96, 570, 91]
[420, 687, 437, 701]
[481, 148, 481, 138]
[254, 47, 244, 54]
[516, 376, 517, 365]
[583, 93, 568, 93]
[490, 536, 500, 536]
[557, 430, 560, 445]
[401, 380, 413, 381]
[433, 702, 422, 691]
[534, 82, 523, 75]
[177, 541, 195, 549]
[353, 669, 334, 661]
[451, 574, 434, 592]
[502, 293, 491, 303]
[327, 100, 326, 126]
[589, 503, 598, 494]
[335, 436, 342, 418]
[423, 602, 449, 572]
[747, 531, 764, 539]
[135, 394, 146, 373]
[100, 157, 118, 169]
[606, 101, 630, 110]
[117, 429, 132, 399]
[784, 631, 784, 718]
[368, 43, 350, 42]
[840, 512, 1004, 512]
[115, 170, 98, 159]
[432, 433, 433, 468]
[666, 102, 674, 102]
[768, 722, 753, 722]
[225, 52, 244, 52]
[2, 145, 2, 178]
[543, 7, 420, 7]
[622, 350, 622, 373]
[632, 634, 632, 624]
[777, 490, 777, 504]
[777, 515, 777, 548]
[787, 240, 787, 248]
[787, 385, 787, 428]
[787, 600, 787, 608]
[968, 522, 855, 522]
[12, 140, 12, 148]
[313, 737, 305, 737]
[787, 340, 787, 348]
[83, 722, 75, 722]
[357, 420, 357, 431]
[445, 347, 466, 347]
[467, 308, 466, 283]
[471, 446, 472, 430]
[753, 417, 730, 417]
[741, 426, 764, 427]
[767, 24, 767, 59]
[787, 10, 787, 18]
[787, 55, 787, 63]
[923, 712, 873, 712]
[977, 58, 977, 38]
[977, 313, 977, 298]
[7, 533, 7, 525]
[112, 333, 110, 311]
[273, 553, 272, 564]
[482, 518, 482, 525]
[599, 131, 615, 132]
[767, 588, 767, 596]
[313, 346, 329, 347]
[403, 472, 414, 472]
[767, 625, 767, 636]
[170, 477, 180, 482]
[460, 521, 462, 504]
[323, 349, 313, 348]
[410, 358, 401, 358]
[215, 53, 224, 52]
[234, 400, 216, 393]
[433, 359, 432, 381]
[415, 469, 414, 455]
[558, 185, 546, 188]
[207, 387, 194, 381]
[388, 657, 382, 668]
[196, 633, 215, 622]
[392, 653, 417, 661]
[69, 469, 76, 458]
[83, 442, 93, 423]
[392, 359, 392, 379]
[119, 168, 136, 176]
[397, 103, 351, 141]
[209, 626, 194, 640]
[345, 634, 369, 644]
[294, 408, 284, 423]
[336, 634, 323, 624]
[348, 139, 386, 109]
[409, 87, 397, 102]
[403, 498, 397, 482]
[123, 103, 114, 95]
[135, 178, 117, 169]
[218, 372, 210, 386]
[282, 422, 296, 398]
[388, 109, 407, 86]
[534, 101, 521, 116]
[46, 199, 48, 214]
[153, 52, 143, 52]
[229, 642, 239, 642]
[318, 647, 304, 647]
[332, 126, 332, 106]
[341, 332, 360, 332]
[402, 634, 392, 648]
[483, 347, 495, 347]
[772, 351, 772, 323]
[772, 435, 772, 410]
[870, 237, 958, 237]
[875, 62, 951, 62]
[140, 629, 154, 625]
[316, 651, 330, 656]
[358, 588, 346, 594]
[358, 663, 334, 650]
[161, 626, 141, 631]
[336, 600, 352, 587]
[615, 454, 615, 433]
[195, 281, 205, 259]
[340, 603, 327, 617]
[389, 647, 398, 634]
[323, 621, 342, 634]
[399, 481, 405, 496]
[419, 610, 409, 624]
[379, 668, 386, 655]
[373, 648, 344, 636]
[9, 548, 9, 536]
[398, 196, 414, 197]
[136, 228, 135, 218]
[424, 501, 419, 483]
[353, 588, 362, 585]
[389, 379, 390, 359]
[126, 714, 138, 714]
[491, 435, 480, 435]
[529, 306, 529, 294]
[593, 724, 649, 724]
[649, 725, 593, 725]
[983, 505, 855, 505]
[870, 704, 923, 704]
[923, 705, 870, 705]
[795, 730, 796, 741]
[138, 218, 138, 228]
[47, 217, 44, 199]
[407, 623, 418, 608]
[618, 433, 618, 453]
[292, 365, 286, 375]
[286, 370, 292, 357]
[430, 378, 430, 361]
[411, 199, 398, 198]
[469, 283, 469, 291]
[784, 160, 784, 238]
[784, 531, 784, 568]
[143, 49, 153, 50]
[239, 644, 229, 645]
[305, 645, 318, 645]
[325, 124, 325, 103]
[495, 349, 483, 349]
[774, 323, 774, 351]
[774, 410, 774, 435]
[784, 276, 784, 338]
[784, 351, 784, 383]
[784, 431, 784, 488]
[784, 586, 784, 598]
[784, 611, 784, 623]
[958, 239, 870, 239]
[951, 64, 875, 64]
