[134, 138, 134, 125]
[220, 369, 236, 369]
[234, 228, 234, 205]
[450, 919, 468, 919]
[445, 644, 463, 644]
[495, 919, 503, 919]
[520, 919, 613, 919]
[710, 654, 728, 654]
[810, 354, 873, 354]
[1110, 354, 1128, 354]
[1190, 104, 1203, 104]
[1200, 354, 1213, 354]
[1320, 364, 1336, 363]
[1394, 213, 1394, 36]
[1394, 353, 1394, 291]
[1394, 743, 1394, 553]
[1514, 48, 1514, 30]
[1514, 303, 1514, 285]
[1514, 563, 1514, 540]
[1514, 818, 1514, 795]
[1514, 1003, 1514, 960]
[24, 380, 24, 413]
[29, 598, 29, 560]
[29, 668, 29, 615]
[223, 449, 215, 449]
[234, 230, 234, 243]
[255, 988, 255, 1011]
[489, 629, 415, 629]
[498, 644, 480, 644]
[503, 284, 490, 284]
[514, 575, 514, 586]
[514, 655, 514, 678]
[648, 93, 663, 94]
[713, 79, 690, 79]
[713, 289, 695, 289]
[749, 558, 749, 540]
[878, 349, 825, 349]
[901, 319, 854, 319]
[889, 750, 889, 738]
[909, 68, 909, 30]
[1051, 469, 1071, 469]
[1198, 629, 1175, 629]
[1204, 569, 1223, 569]
[1220, 629, 1238, 628]
[1298, 104, 1280, 104]
[1344, 110, 1344, 338]
[1344, 570, 1344, 663]
[1344, 730, 1344, 763]
[1344, 795, 1344, 808]
[1389, 278, 1389, 260]
[1389, 538, 1389, 520]
[1389, 793, 1389, 775]
[1394, 468, 1394, 435]
[1433, 514, 1416, 514]
[29, 15, 29, 33]
[29, 230, 29, 248]
[29, 255, 29, 303]
[29, 360, 29, 378]
[29, 528, 29, 520]
[29, 838, 29, 785]
[35, 19, 48, 19]
[35, 779, 48, 779]
[70, 19, 178, 19]
[108, 719, 91, 719]
[118, 144, 105, 144]
[119, 378, 119, 365]
[119, 426, 119, 410]
[148, 289, 135, 289]
[285, 19, 473, 19]
[285, 754, 303, 754]
[359, 541, 359, 554]
[399, 290, 399, 298]
[421, 99, 404, 99]
[500, 19, 563, 19]
[563, 804, 573, 804]
[585, 19, 603, 19]
[626, 289, 595, 289]
[609, 633, 609, 605]
[633, 279, 643, 279]
[683, 294, 650, 294]
[689, 178, 689, 145]
[745, 19, 783, 19]
[759, 643, 759, 630]
[764, 388, 764, 379]
[780, 484, 788, 484]
[795, 19, 833, 19]
[830, 309, 845, 309]
[850, 19, 873, 19]
[878, 464, 870, 464]
[920, 19, 1018, 19]
[975, 784, 1003, 784]
[1030, 19, 1108, 19]
[1039, 820, 1039, 834]
[1140, 19, 1163, 19]
[1211, 79, 1185, 79]
[1213, 89, 1205, 89]
[1220, 19, 1278, 19]
[1245, 569, 1260, 569]
[1263, 449, 1248, 450]
[1290, 559, 1318, 559]
[1330, 484, 1338, 484]
[1344, 520, 1344, 563]
[1349, 530, 1349, 16]
[1379, 995, 1379, 1003]
[1389, 23, 1389, 5]
[1419, 58, 1419, 185]
[1419, 314, 1419, 441]
[1419, 828, 1419, 913]
[1514, 233, 1514, 195]
[1514, 748, 1514, 705]
[24, 684, 24, 713]
[49, 538, 49, 530]
[58, 514, 43, 514]
[135, 694, 149, 694]
[234, 263, 234, 250]
[248, 194, 233, 194]
[320, 749, 334, 749]
[334, 254, 334, 243]
[480, 804, 498, 804]
[563, 514, 583, 514]
[613, 124, 584, 124]
[639, 303, 673, 304]
[743, 169, 715, 169]
[723, 419, 706, 419]
[738, 634, 700, 634]
[819, 848, 833, 849]
[855, 304, 868, 304]
[884, 468, 884, 455]
[903, 409, 895, 409]
[895, 544, 913, 544]
[890, 303, 908, 304]
[914, 98, 914, 85]
[943, 494, 935, 494]
[955, 799, 968, 799]
[1013, 439, 1005, 439]
[1022, 464, 1024, 436]
[1049, 755, 1049, 745]
[1058, 359, 1050, 359]
[1059, 434, 1059, 421]
[1075, 104, 1084, 104]
[1089, 553, 1089, 540]
[1090, 354, 1098, 354]
[1105, 594, 1120, 594]
[1138, 369, 1110, 369]
[1130, 434, 1148, 434]
[1219, 353, 1219, 334]
[1253, 414, 1243, 414]
[1265, 499, 1281, 498]
[1278, 619, 1265, 619]
[1514, 488, 1514, 450]
[29, 738, 29, 710]
[238, 754, 225, 754]
[224, 759, 238, 759]
[243, 198, 253, 199]
[260, 759, 270, 759]
[390, 514, 380, 514]
[490, 384, 498, 384]
[510, 284, 526, 283]
[543, 404, 553, 404]
[545, 649, 578, 649]
[603, 549, 585, 549]
[620, 124, 631, 123]
[794, 555, 794, 568]
[803, 319, 786, 319]
[955, 349, 966, 348]
[994, 403, 994, 390]
[1029, 338, 1029, 325]
[1040, 779, 1039, 798]
[1109, 488, 1108, 478]
[1135, 399, 1158, 399]
[1150, 584, 1160, 584]
[1173, 339, 1158, 340]
[1179, 76, 1179, 93]
[1185, 379, 1198, 379]
[1210, 469, 1220, 469]
[1218, 404, 1200, 404]
[1263, 499, 1250, 499]
[1330, 19, 1338, 19]
[1394, 908, 1394, 806]
[93, 504, 85, 504]
[106, 484, 118, 484]
[209, 516, 195, 512]
[225, 515, 214, 513]
[314, 265, 314, 278]
[443, 234, 433, 235]
[513, 689, 504, 689]
[573, 549, 545, 549]
[580, 619, 588, 619]
[748, 674, 739, 674]
[833, 774, 808, 774]
[853, 704, 840, 704]
[918, 749, 910, 749]
[919, 128, 918, 114]
[958, 289, 948, 289]
[1093, 379, 1080, 379]
[1168, 359, 1155, 359]
[1268, 374, 1256, 374]
[29, 773, 29, 750]
[94, 528, 94, 536]
[229, 256, 229, 278]
[508, 934, 30, 934]
[269, 204, 278, 204]
[463, 704, 445, 704]
[474, 675, 436, 677]
[539, 598, 539, 613]
[580, 129, 591, 129]
[579, 299, 608, 299]
[728, 243, 729, 230]
[931, 169, 930, 189]
[955, 279, 964, 279]
[1024, 666, 1024, 678]
[1130, 589, 1139, 589]
[1134, 659, 1134, 650]
[1225, 664, 1215, 664]
[545, 314, 530, 314]
[525, 664, 541, 664]
[766, 324, 755, 324]
[773, 294, 760, 294]
[894, 604, 894, 595]
[909, 75, 909, 89]
[928, 354, 905, 354]
[995, 369, 1008, 369]
[1074, 578, 1074, 566]
[1170, 394, 1185, 394]
[1198, 354, 1180, 354]
[1243, 379, 1230, 379]
[1245, 379, 1256, 378]
[1338, 934, 515, 934]
[1304, 108, 1304, 75]
[195, 256, 194, 273]
[713, 158, 728, 159]
[789, 688, 789, 675]
[988, 344, 965, 344]
[1165, 634, 1183, 634]
[1195, 389, 1208, 389]
[1314, 499, 1328, 499]
[110, 869, 121, 869]
[678, 289, 693, 289]
[843, 570, 830, 569]
[868, 289, 846, 289]
[930, 364, 983, 364]
[1123, 584, 1110, 584]
[1105, 384, 1138, 384]
[1166, 530, 1155, 529]
[1170, 414, 1183, 414]
[153, 385, 154, 375]
[464, 116, 464, 80]
[609, 593, 609, 580]
[1100, 414, 1118, 414]
[1315, 449, 1331, 449]
[1310, 349, 1325, 349]
[425, 674, 453, 674]
[689, 128, 689, 115]
[490, 704, 510, 704]
[813, 382, 804, 379]
[29, 933, 29, 885]
[60, 779, 76, 779]
[549, 324, 568, 324]
[629, 218, 629, 205]
[704, 309, 718, 309]
[849, 818, 849, 805]
[1134, 85, 1134, 103]
[1155, 344, 1173, 344]
[0, 959, 1373, 959]
[140, 154, 158, 154]
[539, 574, 548, 574]
[625, 254, 635, 254]
[679, 418, 679, 395]
[705, 639, 723, 639]
[725, 294, 748, 294]
[1120, 449, 1138, 449]
[28, 939, 1346, 939]
[1413, 0, 1398, 0]
[29, 873, 29, 855]
[404, 306, 404, 265]
[599, 897, 524, 896]
[690, 184, 708, 184]
[124, 160, 124, 173]
[305, 154, 318, 154]
[865, 524, 878, 524]
[1210, 424, 1228, 424]
[60, 889, 80, 889]
[460, 509, 478, 509]
[536, 299, 558, 299]
[541, 509, 553, 509]
[108, 869, 90, 869]
[175, 324, 188, 324]
[390, 629, 403, 629]
[719, 288, 719, 270]
[874, 838, 874, 815]
[474, 893, 474, 845]
[888, 549, 870, 549]
[1123, 429, 1105, 429]
[1293, 444, 1280, 444]
[1421, 245, 1410, 247]
[588, 529, 560, 529]
[1344, 420, 1344, 438]
[1533, 769, 1520, 769]
[668, 563, 678, 564]
[806, 369, 795, 372]
[503, 699, 479, 699]
[566, 789, 510, 789]
[599, 810, 599, 838]
[813, 294, 790, 294]
[1148, 414, 1135, 414]
[1344, 365, 1344, 408]
[1344, 450, 1344, 473]
[1379, 0, 1379, 953]
[1419, 10, 1419, 34]
[1419, 265, 1419, 290]
[1419, 520, 1419, 546]
[1419, 570, 1419, 696]
[1419, 775, 1419, 801]
[1433, 769, 1415, 769]
[504, 595, 504, 628]
[981, 359, 949, 359]
[1274, 78, 1274, 106]
[760, 310, 745, 309]
[769, 340, 769, 353]
[884, 769, 870, 769]
[1134, 394, 1105, 394]
[1253, 564, 1224, 565]
[1213, 439, 1195, 439]
[1048, 260, 1031, 266]
[766, 1012, 763, 1000]
[563, 856, 549, 857]
[580, 394, 588, 394]
[743, 312, 730, 310]
[455, 670, 470, 672]
[690, 76, 713, 77]
[121, 183, 122, 164]
[191, 273, 193, 255]
[225, 932, 256, 931]
[544, 891, 593, 891]
[597, 885, 597, 810]
[613, 666, 611, 655]
[725, 318, 738, 316]
[773, 292, 823, 291]
[939, 778, 953, 776]
[1036, 443, 1038, 435]
[1196, 438, 1218, 436]
[1308, 496, 1295, 497]
[119, 776, 98, 776]
[131, 123, 133, 109]
[254, 1013, 251, 1000]
[306, 323, 306, 305]
[505, 686, 515, 687]
[550, 851, 566, 851]
[571, 608, 571, 600]
[575, 801, 593, 801]
[700, 606, 711, 607]
[695, 286, 713, 287]
[750, 291, 765, 291]
[801, 376, 813, 377]
[833, 296, 815, 297]
[908, 353, 928, 351]
[990, 635, 999, 639]
[1036, 825, 1036, 795]
[1065, 376, 1084, 376]
[1106, 533, 1108, 520]
[1111, 366, 1131, 367]
[1175, 627, 1218, 626]
[1245, 358, 1258, 356]
[46, 573, 46, 565]
[42, 513, 58, 511]
[61, 838, 63, 826]
[199, 511, 241, 511]
[423, 626, 450, 626]
[446, 701, 464, 702]
[511, 988, 511, 1011]
[520, 806, 533, 806]
[538, 611, 535, 600]
[615, 645, 617, 658]
[650, 291, 683, 293]
[713, 187, 693, 185]
[794, 366, 806, 366]
[830, 566, 843, 568]
[840, 701, 854, 703]
[843, 346, 878, 347]
[854, 317, 891, 316]
[846, 288, 868, 286]
[965, 341, 984, 342]
[1194, 76, 1209, 77]
[1262, 535, 1261, 523]
[1269, 615, 1279, 618]
[1342, 338, 1342, 251]
[1417, 165, 1416, 71]
[1525, 511, 1533, 511]
[50, 776, 58, 776]
[91, 868, 108, 866]
[231, 243, 231, 230]
[258, 932, 366, 932]
[311, 305, 312, 318]
[483, 642, 494, 641]
[490, 281, 503, 281]
[511, 586, 511, 575]
[511, 678, 511, 658]
[585, 511, 598, 511]
[589, 122, 613, 121]
[721, 263, 721, 273]
[1147, 402, 1136, 401]
[1416, 70, 1418, 56]
[1403, 510, 1433, 511]
[26, 33, 26, 18]
[26, 248, 26, 230]
[26, 303, 26, 255]
[26, 378, 26, 360]
[105, 771, 113, 771]
[127, 175, 125, 185]
[136, 93, 138, 80]
[149, 697, 135, 696]
[409, 96, 418, 96]
[540, 251, 553, 251]
[558, 511, 540, 511]
[595, 286, 618, 287]
[653, 509, 678, 511]
[784, 316, 770, 315]
[791, 317, 808, 316]
[919, 707, 910, 706]
[1022, 553, 1023, 541]
[1341, 663, 1341, 570]
[1341, 744, 1341, 730]
[1341, 808, 1341, 795]
[1396, 448, 1397, 468]
[1396, 819, 1397, 908]
[1416, 424, 1416, 314]
[1416, 913, 1417, 834]
[21, 395, 21, 385]
[31, 809, 32, 838]
[105, 141, 118, 141]
[378, 511, 389, 511]
[559, 546, 570, 548]
[708, 417, 723, 416]
[766, 511, 755, 511]
[908, 89, 906, 75]
[971, 290, 960, 292]
[1029, 263, 1043, 258]
[1143, 452, 1120, 451]
[1282, 500, 1265, 502]
[1280, 101, 1290, 101]
[1341, 563, 1342, 520]
[1341, 763, 1342, 746]
[1351, 21, 1351, 131]
[1397, 435, 1397, 446]
[76, 781, 35, 783]
[95, 717, 108, 716]
[161, 156, 140, 156]
[445, 512, 435, 499]
[643, 283, 632, 281]
[758, 297, 735, 296]
[700, 932, 769, 932]
[838, 852, 819, 851]
[835, 846, 843, 846]
[868, 305, 855, 308]
[908, 307, 890, 305]
[1110, 478, 1113, 488]
[1200, 403, 1218, 401]
[1225, 441, 1215, 442]
[1306, 76, 1307, 105]
[778, 961, 0, 961]
[21, 413, 22, 400]
[31, 710, 31, 734]
[31, 750, 31, 763]
[121, 369, 122, 378]
[406, 265, 406, 303]
[454, 646, 445, 647]
[483, 511, 461, 511]
[506, 706, 490, 707]
[524, 893, 539, 892]
[584, 516, 562, 518]
[612, 580, 611, 593]
[664, 306, 655, 306]
[692, 145, 691, 175]
[1373, 961, 783, 961]
[816, 783, 816, 793]
[836, 356, 810, 357]
[873, 357, 846, 356]
[851, 808, 851, 818]
[983, 367, 968, 366]
[1138, 387, 1124, 386]
[1265, 942, 1023, 940]
[1343, 941, 1276, 941]
[1278, 493, 1303, 491]
[1333, 451, 1315, 452]
[1392, 520, 1391, 538]
[1396, 44, 1396, 58]
[1397, 59, 1396, 194]
[1396, 303, 1397, 353]
[1396, 564, 1396, 695]
[1517, 195, 1515, 230]
[1517, 450, 1516, 473]
[1516, 715, 1516, 729]
[1517, 960, 1516, 985]
[31, 855, 31, 873]
[31, 885, 31, 903]
[30, 905, 31, 921]
[93, 511, 85, 511]
[142, 90, 140, 105]
[237, 205, 237, 228]
[467, 80, 466, 109]
[940, 366, 930, 367]
[1093, 540, 1091, 550]
[1128, 357, 1110, 357]
[1169, 345, 1155, 347]
[1181, 416, 1170, 417]
[1238, 631, 1200, 632]
[1281, 932, 1338, 932]
[1306, 560, 1290, 562]
[1392, 260, 1391, 278]
[146, 430, 146, 438]
[152, 395, 150, 409]
[238, 762, 224, 761]
[334, 750, 320, 752]
[498, 807, 483, 806]
[549, 301, 541, 301]
[559, 496, 550, 497]
[568, 327, 556, 325]
[610, 610, 612, 633]
[621, 505, 621, 511]
[681, 399, 681, 410]
[845, 310, 830, 312]
[876, 828, 876, 836]
[943, 662, 930, 662]
[989, 786, 975, 786]
[1194, 476, 1185, 477]
[1209, 390, 1195, 392]
[1250, 365, 1240, 367]
[1254, 932, 1280, 932]
[1391, 14, 1392, 23]
[1392, 775, 1391, 790]
[1396, 203, 1397, 213]
[1413, 256, 1395, 257]
[299, 638, 308, 630]
[471, 672, 480, 672]
[526, 285, 510, 287]
[608, 302, 579, 300]
[728, 656, 710, 657]
[752, 540, 752, 558]
[841, 511, 835, 511]
[850, 804, 863, 804]
[912, 40, 912, 68]
[1118, 417, 1110, 416]
[1139, 436, 1130, 437]
[1183, 396, 1170, 398]
[1213, 356, 1200, 357]
[1221, 334, 1222, 353]
[1249, 505, 1235, 507]
[1260, 571, 1245, 573]
[1298, 402, 1309, 401]
[1395, 698, 1397, 743]
[67, 836, 65, 849]
[123, 501, 115, 501]
[137, 120, 136, 138]
[303, 755, 285, 758]
[568, 636, 560, 637]
[723, 642, 705, 640]
[1034, 505, 1043, 509]
[1155, 401, 1147, 402]
[69, 891, 61, 891]
[123, 410, 120, 427]
[236, 372, 220, 372]
[238, 250, 235, 264]
[345, 523, 353, 514]
[468, 647, 454, 647]
[510, 1012, 507, 1000]
[512, 817, 521, 818]
[631, 125, 620, 128]
[718, 312, 704, 310]
[727, 85, 737, 88]
[732, 230, 730, 244]
[916, 90, 917, 98]
[1120, 596, 1105, 598]
[1183, 635, 1165, 637]
[1223, 572, 1209, 571]
[1259, 623, 1268, 614]
[1274, 460, 1265, 462]
[1295, 355, 1285, 357]
[1417, 434, 1416, 425]
[52, 565, 51, 580]
[593, 517, 584, 517]
[728, 162, 713, 160]
[1515, 988, 1517, 1003]
[58, 692, 48, 690]
[122, 870, 110, 872]
[227, 274, 228, 256]
[253, 202, 243, 200]
[713, 172, 703, 170]
[873, 678, 863, 675]
[969, 800, 955, 803]
[1036, 794, 1038, 779]
[1153, 532, 1140, 530]
[1336, 365, 1320, 368]
[555, 405, 545, 408]
[663, 97, 648, 96]
[689, 203, 689, 185]
[743, 98, 733, 95]
[158, 375, 155, 385]
[593, 807, 563, 807]
[820, 320, 822, 333]
[920, 114, 922, 128]
[967, 350, 955, 352]
[1048, 497, 1035, 495]
[1198, 382, 1188, 380]
[1517, 705, 1517, 715]
[1148, 437, 1139, 437]
[1515, 731, 1517, 748]
[239, 628, 248, 619]
[846, 750, 830, 749]
[1228, 83, 1241, 72]
[1301, 75, 1278, 74]
[497, 535, 489, 540]
[52, 900, 51, 890]
[1132, 106, 1131, 85]
[1120, 215, 1110, 224]
[417, 556, 404, 569]
[476, 875, 475, 889]
[654, 155, 645, 162]
[771, 932, 1024, 932]
[1094, 434, 1109, 448]
[1417, 178, 1417, 166]
[290, 351, 304, 353]
[1293, 494, 1278, 495]
[328, 222, 313, 210]
[588, 209, 603, 194]
[648, 408, 663, 393]
[1342, 438, 1342, 420]
[300, 268, 312, 255]
[328, 393, 337, 385]
[339, 332, 353, 320]
[353, 619, 363, 608]
[930, 128, 939, 117]
[1120, 192, 1134, 178]
[1280, 441, 1293, 442]
[1413, 499, 1421, 494]
[458, 533, 468, 525]
[1022, 533, 1023, 511]
[256, 511, 255, 521]
[419, 469, 409, 481]
[289, 560, 279, 569]
[295, 400, 285, 409]
[500, 510, 490, 519]
[530, 484, 516, 497]
[505, 845, 476, 845]
[1136, 799, 1153, 818]
[1203, 599, 1184, 580]
[378, 227, 368, 220]
[141, 423, 143, 410]
[1134, 342, 1143, 341]
[453, 627, 473, 627]
[1025, 254, 1043, 254]
[293, 229, 294, 220]
[566, 527, 586, 528]
[474, 627, 489, 628]
[283, 153, 256, 127]
[294, 595, 280, 608]
[443, 173, 416, 146]
[450, 239, 467, 258]
[468, 199, 451, 181]
[458, 177, 482, 203]
[653, 729, 635, 709]
[702, 400, 695, 410]
[1143, 191, 1134, 200]
[1189, 574, 1209, 594]
[104, 550, 95, 539]
[273, 177, 258, 165]
[259, 120, 274, 133]
[366, 329, 373, 338]
[414, 133, 444, 163]
[455, 255, 440, 239]
[684, 750, 699, 763]
[688, 763, 672, 749]
[1074, 748, 1089, 764]
[266, 161, 280, 174]
[323, 243, 313, 235]
[639, 704, 657, 723]
[923, 813, 912, 803]
[1037, 393, 1028, 384]
[290, 181, 305, 194]
[474, 838, 474, 815]
[380, 493, 389, 484]
[449, 473, 458, 465]
[265, 588, 278, 575]
[553, 529, 535, 529]
[568, 864, 555, 864]
[1235, 397, 1243, 397]
[970, 268, 983, 267]
[1245, 562, 1253, 562]
[1351, 1021, 1368, 1021]
[1400, 766, 1433, 767]
[1195, 422, 1203, 422]
[451, 933, 508, 932]
[1135, 412, 1148, 412]
[552, 863, 565, 862]
[721, 167, 740, 167]
[730, 307, 760, 307]
[1026, 932, 1085, 932]
[1052, 745, 1052, 753]
[783, 492, 790, 492]
[32, 560, 32, 598]
[32, 615, 32, 668]
[32, 785, 32, 806]
[48, 22, 35, 22]
[178, 22, 70, 22]
[473, 22, 285, 22]
[468, 922, 449, 922]
[503, 922, 495, 922]
[563, 22, 500, 22]
[533, 812, 513, 812]
[613, 922, 520, 922]
[577, 603, 577, 613]
[603, 22, 585, 22]
[602, 840, 602, 853]
[602, 875, 602, 888]
[783, 22, 745, 22]
[833, 22, 795, 22]
[873, 22, 850, 22]
[1018, 22, 920, 22]
[1108, 22, 1030, 22]
[1042, 800, 1042, 818]
[1078, 382, 1070, 382]
[1163, 22, 1140, 22]
[1278, 22, 1220, 22]
[1377, 953, 1378, 929]
[1523, 767, 1533, 767]
[32, 520, 32, 528]
[52, 530, 52, 538]
[615, 178, 628, 165]
[635, 403, 648, 390]
[767, 988, 767, 1011]
[788, 297, 775, 297]
[788, 487, 780, 487]
[887, 458, 887, 468]
[870, 767, 893, 767]
[1203, 107, 1190, 107]
[1338, 22, 1330, 22]
[1517, 285, 1517, 303]
[16, 1021, 35, 1021]
[35, 472, 46, 472]
[35, 932, 140, 932]
[129, 767, 136, 767]
[137, 465, 138, 454]
[154, 933, 224, 932]
[215, 1021, 234, 1021]
[219, 429, 228, 421]
[273, 1021, 291, 1021]
[369, 932, 449, 932]
[409, 574, 418, 566]
[471, 1021, 490, 1021]
[486, 697, 503, 697]
[510, 787, 550, 787]
[528, 1021, 546, 1021]
[537, 849, 537, 840]
[521, 933, 674, 932]
[726, 1021, 746, 1021]
[784, 1021, 803, 1021]
[873, 547, 880, 547]
[925, 767, 936, 767]
[960, 457, 968, 457]
[983, 1021, 1003, 1021]
[993, 617, 985, 617]
[1040, 1021, 1059, 1021]
[1083, 107, 1075, 107]
[1110, 932, 1121, 932]
[1144, 932, 1239, 932]
[1239, 1021, 1258, 1021]
[1272, 104, 1272, 80]
[1296, 1021, 1316, 1021]
[1342, 216, 1342, 144]
[1342, 408, 1342, 365]
[1377, 255, 1377, 21]
[1377, 478, 1377, 264]
[1377, 734, 1377, 544]
[1377, 921, 1377, 800]
[1417, 30, 1417, 19]
[1417, 286, 1417, 274]
[1417, 546, 1417, 530]
[1417, 688, 1417, 570]
[1417, 798, 1417, 788]
[1517, 30, 1517, 48]
[1517, 540, 1517, 563]
[1517, 795, 1517, 818]
[746, 392, 753, 392]
[767, 353, 767, 340]
[1105, 392, 1115, 392]
[1241, 932, 1250, 932]
[1342, 473, 1342, 466]
[767, 568, 767, 559]
[769, 547, 780, 547]
[555, 787, 563, 787]
[969, 709, 983, 709]
[1377, 768, 1377, 735]
[675, 932, 698, 932]
[1378, 19, 1377, 3]
[1224, 562, 1244, 562]
[1124, 933, 1143, 932]
[1342, 143, 1342, 110]
[1086, 932, 1108, 932]
[1378, 789, 1377, 771]
[1116, 392, 1134, 392]
[1281, 72, 1301, 73]
[1342, 248, 1342, 216]
[540, 554, 563, 554]
[22, 935, 22, 838]
[112, 448, 112, 438]
[455, 292, 468, 292]
[535, 527, 550, 527]
[682, 223, 682, 213]
[833, 747, 846, 747]
[870, 567, 879, 567]
[1048, 647, 1063, 647]
[1113, 427, 1123, 427]
[1350, 255, 1350, 530]
[1377, 510, 1377, 481]
[1378, 531, 1377, 518]
[475, 844, 503, 844]
[1413, 513, 1400, 513]
[1515, 475, 1516, 488]
[720, 276, 720, 285]
[568, 650, 545, 650]
[578, 535, 555, 535]
[1040, 255, 1025, 255]
[1350, 134, 1350, 253]
[254, 940, 28, 940]
[80, 890, 71, 890]
[1020, 940, 255, 940]
[441, 690, 410, 690]
[410, 689, 441, 689]
[448, 689, 460, 689]
[460, 690, 448, 690]
[475, 818, 475, 838]
[475, 846, 475, 873]
[561, 555, 540, 555]
[653, 305, 639, 305]
[689, 273, 689, 256]
[690, 189, 690, 203]
[690, 256, 690, 273]
[695, 114, 706, 113]
[706, 116, 695, 115]
[861, 856, 849, 855]
[875, 815, 875, 825]
[929, 183, 929, 169]
[965, 365, 943, 365]
[981, 710, 969, 710]
[999, 55, 999, 46]
[1000, 46, 1000, 55]
[1121, 385, 1105, 385]
[1285, 328, 1285, 336]
[1395, 553, 1395, 561]
[1395, 806, 1395, 816]
[555, 534, 578, 534]
[708, 689, 716, 689]
[849, 854, 861, 853]
[1063, 649, 1048, 649]
[24, 838, 24, 935]
[114, 438, 114, 448]
[468, 294, 455, 294]
[685, 213, 684, 223]
[1024, 445, 1024, 463]
[1024, 516, 1024, 533]
[1326, 550, 1315, 549]
