[24, 63, 24, 55]
[24, 98, 24, 75]
[30, 299, 30, 464]
[30, 466, 30, 495]
[30, 506, 31, 758]
[30, 1028, 31, 1065]
[35, 24, 88, 24]
[98, 1111, 33, 1110]
[66, 1214, 173, 1214]
[105, 24, 118, 24]
[499, 1110, 120, 1110]
[125, 24, 148, 24]
[140, 489, 163, 489]
[170, 474, 184, 474]
[176, 534, 186, 534]
[194, 608, 194, 600]
[90, 1053, 208, 1053]
[230, 518, 230, 533]
[240, 359, 248, 359]
[231, 514, 288, 514]
[273, 690, 225, 686]
[265, 24, 283, 24]
[331, 445, 305, 445]
[320, 608, 320, 618]
[314, 644, 333, 644]
[340, 603, 340, 629]
[374, 728, 374, 720]
[335, 23, 428, 24]
[390, 289, 408, 289]
[390, 319, 399, 319]
[395, 274, 410, 274]
[415, 629, 428, 629]
[420, 550, 420, 558]
[424, 968, 424, 960]
[423, 724, 434, 724]
[433, 870, 424, 870]
[440, 476, 440, 488]
[440, 23, 743, 22]
[450, 185, 450, 215]
[463, 896, 464, 875]
[479, 703, 479, 695]
[493, 630, 475, 630]
[495, 508, 495, 520]
[495, 560, 495, 578]
[519, 778, 518, 760]
[511, 383, 543, 384]
[540, 495, 541, 518]
[563, 856, 541, 855]
[568, 760, 542, 762]
[560, 234, 569, 234]
[560, 1109, 574, 1109]
[565, 479, 578, 479]
[574, 130, 574, 109]
[583, 70, 560, 71]
[570, 590, 593, 588]
[590, 1109, 614, 1109]
[611, 449, 581, 452]
[595, 754, 613, 754]
[608, 625, 599, 625]
[613, 670, 599, 670]
[618, 405, 605, 405]
[601, 854, 621, 854]
[613, 800, 614, 781]
[636, 805, 608, 805]
[595, 1214, 683, 1214]
[640, 700, 641, 731]
[616, 1110, 663, 1109]
[650, 344, 670, 344]
[679, 898, 679, 885]
[690, 455, 690, 480]
[703, 265, 695, 265]
[704, 731, 704, 720]
[683, 250, 719, 249]
[710, 514, 718, 514]
[741, 296, 711, 294]
[746, 474, 765, 474]
[759, 620, 745, 621]
[918, 1118, 735, 1114]
[775, 384, 791, 384]
[878, 580, 855, 580]
[856, 744, 876, 744]
[864, 1214, 938, 1214]
[919, 623, 919, 610]
[955, 418, 956, 778]
[955, 906, 955, 1109]
[80, 490, 94, 490]
[103, 504, 81, 504]
[113, 1109, 100, 1109]
[163, 649, 140, 649]
[190, 649, 175, 649]
[196, 904, 179, 904]
[185, 60, 185, 74]
[194, 745, 194, 763]
[218, 904, 205, 904]
[241, 725, 240, 741]
[240, 845, 253, 844]
[263, 954, 255, 954]
[255, 1055, 263, 1055]
[260, 448, 261, 415]
[255, 536, 279, 534]
[270, 665, 278, 665]
[275, 1055, 298, 1055]
[304, 650, 304, 668]
[311, 803, 310, 775]
[314, 580, 333, 580]
[338, 364, 320, 365]
[330, 503, 331, 490]
[345, 716, 346, 740]
[348, 1070, 363, 1070]
[400, 740, 409, 740]
[400, 1214, 428, 1214]
[435, 240, 420, 240]
[438, 168, 420, 169]
[439, 260, 439, 270]
[439, 365, 439, 375]
[453, 973, 439, 974]
[440, 464, 448, 464]
[464, 810, 464, 828]
[465, 830, 465, 848]
[478, 790, 465, 790]
[468, 470, 488, 470]
[483, 759, 470, 759]
[495, 731, 495, 720]
[490, 360, 503, 360]
[528, 455, 503, 454]
[536, 289, 516, 289]
[558, 808, 525, 809]
[534, 618, 534, 600]
[544, 283, 544, 271]
[544, 460, 544, 474]
[525, 806, 558, 805]
[545, 605, 545, 618]
[545, 310, 558, 310]
[554, 719, 554, 729]
[560, 1030, 573, 1031]
[593, 689, 575, 690]
[585, 910, 585, 928]
[603, 520, 588, 520]
[615, 175, 600, 175]
[604, 425, 636, 426]
[618, 714, 588, 714]
[608, 725, 620, 725]
[615, 910, 616, 922]
[654, 535, 653, 549]
[654, 640, 654, 653]
[680, 744, 680, 753]
[698, 759, 685, 759]
[695, 1110, 703, 1110]
[705, 359, 731, 357]
[715, 370, 731, 371]
[725, 639, 725, 648]
[749, 684, 735, 684]
[761, 521, 730, 520]
[750, 703, 750, 685]
[750, 300, 758, 300]
[764, 349, 750, 349]
[774, 588, 774, 576]
[816, 264, 774, 264]
[793, 774, 774, 774]
[785, 650, 803, 650]
[815, 784, 841, 784]
[825, 519, 833, 519]
[868, 709, 854, 709]
[874, 653, 874, 673]
[939, 599, 933, 599]
[980, 158, 980, 145]
[980, 328, 980, 310]
[980, 498, 979, 455]
[980, 578, 980, 550]
[980, 598, 980, 590]
[980, 653, 980, 625]
[980, 753, 980, 715]
[980, 843, 980, 805]
[980, 893, 980, 860]
[980, 1023, 980, 1000]
[980, 1136, 980, 1090]
[985, 915, 985, 936]
[989, 703, 989, 695]
[989, 1224, 989, 1185]
[990, 208, 990, 200]
[990, 625, 991, 611]
[25, 148, 25, 135]
[29, 280, 30, 296]
[110, 99, 95, 99]
[139, 494, 139, 513]
[140, 614, 148, 614]
[145, 738, 145, 716]
[151, 695, 147, 718]
[193, 595, 168, 596]
[189, 678, 189, 664]
[200, 611, 221, 615]
[219, 1228, 219, 1215]
[236, 375, 198, 375]
[225, 389, 236, 389]
[236, 55, 234, 78]
[249, 539, 234, 539]
[253, 375, 243, 375]
[265, 949, 263, 933]
[281, 340, 265, 340]
[285, 650, 285, 663]
[290, 644, 298, 644]
[299, 520, 299, 528]
[299, 580, 299, 560]
[326, 460, 305, 459]
[317, 291, 319, 276]
[338, 734, 324, 734]
[341, 790, 331, 790]
[346, 773, 342, 745]
[340, 439, 348, 439]
[353, 415, 345, 415]
[355, 570, 355, 593]
[364, 373, 364, 366]
[384, 262, 370, 265]
[393, 744, 378, 746]
[387, 295, 390, 318]
[395, 794, 395, 775]
[411, 739, 438, 739]
[439, 235, 440, 248]
[454, 910, 457, 933]
[463, 870, 455, 870]
[466, 630, 460, 630]
[470, 553, 469, 536]
[485, 409, 475, 410]
[490, 313, 489, 295]
[509, 280, 493, 280]
[495, 315, 504, 315]
[538, 278, 511, 279]
[520, 700, 520, 708]
[530, 315, 515, 316]
[533, 349, 526, 349]
[548, 990, 530, 990]
[548, 690, 530, 691]
[540, 695, 548, 695]
[558, 800, 544, 800]
[563, 674, 555, 674]
[555, 699, 566, 699]
[568, 689, 555, 689]
[564, 264, 567, 283]
[565, 320, 565, 365]
[565, 408, 565, 428]
[563, 259, 576, 259]
[583, 495, 560, 496]
[570, 854, 579, 854]
[575, 145, 575, 133]
[589, 478, 589, 470]
[596, 840, 585, 840]
[591, 902, 608, 905]
[610, 884, 618, 884]
[614, 538, 613, 520]
[638, 884, 610, 888]
[641, 159, 635, 159]
[639, 343, 639, 335]
[643, 405, 636, 405]
[675, 280, 693, 280]
[685, 504, 703, 504]
[703, 423, 729, 424]
[725, 614, 727, 631]
[768, 397, 730, 394]
[744, 318, 744, 305]
[758, 435, 768, 435]
[773, 265, 763, 265]
[775, 566, 777, 588]
[775, 299, 794, 299]
[779, 666, 779, 655]
[785, 718, 785, 733]
[800, 390, 799, 413]
[813, 579, 795, 579]
[988, 1264, 800, 1264]
[826, 715, 815, 715]
[825, 535, 833, 535]
[835, 679, 835, 699]
[855, 445, 855, 466]
[891, 440, 878, 440]
[889, 540, 889, 553]
[889, 565, 890, 583]
[955, 65, 955, 83]
[956, 131, 956, 198]
[955, 200, 955, 353]
[955, 355, 955, 383]
[955, 891, 955, 904]
[979, 23, 979, 5]
[990, 303, 990, 274]
[990, 653, 991, 628]
[154, 100, 154, 108]
[155, 420, 178, 420]
[166, 643, 165, 630]
[165, 535, 174, 535]
[160, 626, 179, 625]
[211, 631, 198, 630]
[198, 361, 214, 359]
[213, 738, 214, 721]
[231, 541, 230, 558]
[229, 720, 231, 743]
[234, 636, 234, 625]
[235, 778, 235, 788]
[225, 421, 244, 420]
[235, 684, 280, 688]
[249, 930, 249, 938]
[239, 460, 259, 460]
[285, 444, 291, 444]
[307, 746, 275, 753]
[278, 475, 293, 475]
[334, 250, 334, 258]
[325, 745, 338, 744]
[339, 563, 340, 578]
[346, 524, 358, 524]
[363, 1155, 340, 1156]
[360, 546, 361, 555]
[366, 459, 394, 457]
[424, 938, 424, 930]
[435, 321, 437, 333]
[439, 715, 439, 723]
[445, 1214, 453, 1214]
[445, 490, 454, 490]
[463, 444, 451, 444]
[508, 740, 486, 741]
[513, 714, 500, 715]
[505, 764, 504, 773]
[501, 745, 509, 745]
[523, 650, 500, 651]
[516, 134, 533, 134]
[520, 833, 520, 825]
[530, 413, 530, 404]
[543, 650, 530, 650]
[539, 245, 539, 253]
[539, 268, 539, 256]
[565, 810, 565, 820]
[579, 810, 580, 823]
[578, 449, 626, 445]
[608, 890, 585, 890]
[596, 241, 560, 237]
[605, 300, 594, 300]
[609, 660, 600, 660]
[619, 460, 619, 473]
[635, 458, 635, 440]
[663, 174, 650, 174]
[656, 479, 650, 479]
[671, 373, 658, 374]
[664, 1008, 664, 1001]
[672, 320, 653, 316]
[680, 175, 690, 175]
[708, 310, 688, 310]
[700, 570, 693, 570]
[692, 223, 724, 229]
[700, 1214, 708, 1214]
[726, 647, 740, 649]
[740, 435, 749, 435]
[731, 721, 748, 718]
[755, 425, 755, 433]
[766, 684, 754, 684]
[760, 658, 760, 650]
[750, 328, 771, 329]
[786, 500, 737, 511]
[774, 563, 774, 541]
[782, 330, 761, 333]
[795, 443, 795, 435]
[795, 745, 825, 742]
[810, 660, 810, 668]
[824, 580, 824, 588]
[828, 490, 815, 492]
[845, 625, 845, 633]
[853, 734, 863, 734]
[878, 739, 870, 739]
[874, 615, 874, 628]
[886, 649, 899, 649]
[890, 675, 908, 674]
[919, 728, 919, 743]
[933, 485, 930, 515]
[956, 85, 955, 96]
[955, 390, 956, 410]
[990, 605, 991, 568]
[150, 425, 150, 441]
[166, 479, 165, 465]
[169, 663, 167, 650]
[179, 99, 170, 99]
[193, 629, 169, 628]
[194, 623, 194, 615]
[203, 445, 180, 445]
[213, 719, 190, 726]
[204, 476, 233, 473]
[224, 566, 210, 564]
[231, 313, 228, 333]
[248, 499, 234, 499]
[245, 625, 245, 633]
[257, 1155, 246, 1157]
[255, 754, 266, 754]
[261, 783, 259, 773]
[258, 470, 268, 470]
[274, 500, 260, 500]
[265, 825, 283, 824]
[299, 585, 279, 586]
[300, 613, 300, 605]
[314, 1048, 299, 1051]
[321, 753, 326, 783]
[335, 383, 358, 383]
[343, 414, 335, 414]
[339, 374, 339, 365]
[364, 349, 368, 378]
[394, 774, 375, 773]
[421, 690, 406, 690]
[419, 179, 439, 177]
[435, 754, 425, 754]
[430, 770, 441, 770]
[440, 494, 442, 518]
[445, 438, 455, 416]
[460, 179, 468, 179]
[451, 647, 474, 649]
[488, 503, 470, 500]
[469, 362, 483, 359]
[493, 984, 470, 988]
[498, 779, 488, 781]
[485, 793, 509, 794]
[514, 290, 495, 291]
[506, 314, 538, 311]
[516, 810, 509, 810]
[524, 1020, 513, 1020]
[515, 401, 530, 399]
[530, 419, 540, 419]
[545, 453, 556, 454]
[545, 750, 560, 748]
[555, 1035, 555, 1044]
[562, 268, 556, 246]
[567, 295, 565, 311]
[566, 368, 563, 384]
[565, 389, 564, 399]
[565, 449, 575, 448]
[583, 624, 570, 625]
[596, 405, 566, 406]
[584, 435, 615, 434]
[609, 210, 633, 205]
[620, 677, 621, 688]
[613, 83, 623, 84]
[643, 786, 619, 779]
[636, 745, 625, 745]
[649, 873, 649, 865]
[658, 829, 649, 829]
[660, 284, 650, 284]
[674, 674, 665, 674]
[674, 975, 674, 988]
[673, 108, 685, 109]
[685, 699, 685, 711]
[699, 369, 694, 333]
[702, 175, 700, 187]
[700, 634, 713, 634]
[713, 409, 703, 410]
[723, 195, 705, 194]
[728, 410, 715, 410]
[724, 638, 724, 625]
[724, 175, 730, 204]
[734, 229, 715, 231]
[750, 424, 735, 426]
[775, 414, 773, 400]
[780, 444, 794, 446]
[790, 580, 788, 590]
[794, 1180, 794, 1193]
[809, 510, 796, 512]
[828, 675, 815, 676]
[835, 569, 843, 569]
[855, 780, 845, 780]
[875, 675, 883, 675]
[870, 384, 904, 385]
[908, 604, 900, 604]
[980, 238, 979, 205]
[980, 348, 980, 340]
[980, 618, 980, 610]
[95, 64, 97, 73]
[223, 541, 200, 540]
[202, 512, 204, 500]
[218, 825, 210, 825]
[248, 800, 251, 818]
[261, 459, 268, 459]
[260, 622, 298, 620]
[324, 513, 302, 505]
[280, 765, 308, 760]
[334, 510, 334, 528]
[349, 1193, 349, 1180]
[365, 343, 398, 353]
[369, 630, 369, 648]
[365, 321, 375, 320]
[374, 610, 376, 628]
[412, 164, 408, 150]
[405, 354, 428, 355]
[429, 975, 429, 988]
[438, 579, 420, 581]
[435, 810, 458, 804]
[451, 287, 440, 285]
[434, 1005, 461, 1002]
[454, 933, 451, 910]
[494, 533, 494, 546]
[518, 340, 495, 335]
[511, 861, 470, 855]
[520, 461, 520, 473]
[548, 715, 525, 714]
[546, 350, 545, 358]
[573, 578, 588, 579]
[570, 314, 608, 319]
[638, 334, 644, 314]
[612, 870, 648, 861]
[655, 551, 686, 546]
[660, 484, 674, 485]
[688, 205, 666, 204]
[695, 1227, 685, 1225]
[714, 231, 690, 225]
[733, 1264, 545, 1264]
[735, 223, 725, 196]
[748, 861, 736, 854]
[740, 230, 744, 248]
[755, 720, 756, 741]
[750, 910, 763, 915]
[815, 1204, 828, 1204]
[252, 773, 235, 775]
[248, 476, 251, 487]
[281, 646, 270, 644]
[329, 490, 304, 490]
[370, 489, 386, 489]
[381, 384, 393, 384]
[408, 459, 386, 459]
[434, 403, 434, 393]
[435, 674, 448, 674]
[467, 321, 483, 325]
[537, 518, 538, 485]
[544, 320, 548, 333]
[564, 625, 549, 626]
[560, 969, 578, 966]
[586, 1048, 584, 1035]
[573, 85, 602, 80]
[594, 942, 610, 940]
[674, 910, 674, 933]
[699, 1078, 697, 1068]
[838, 474, 825, 477]
[868, 677, 840, 675]
[909, 646, 910, 625]
[950, 743, 931, 748]
[58, 1053, 89, 1054]
[152, 623, 157, 605]
[156, 515, 180, 513]
[235, 772, 252, 770]
[335, 341, 355, 339]
[364, 530, 364, 543]
[375, 559, 386, 557]
[385, 204, 403, 201]
[413, 499, 395, 499]
[480, 524, 488, 523]
[470, 801, 495, 805]
[564, 284, 562, 269]
[607, 232, 564, 219]
[616, 1020, 599, 1020]
[618, 386, 645, 389]
[650, 270, 660, 269]
[669, 514, 654, 514]
[669, 744, 670, 753]
[694, 547, 655, 554]
[733, 321, 715, 320]
[869, 503, 865, 485]
[74, 513, 74, 503]
[348, 244, 330, 244]
[340, 585, 341, 593]
[468, 230, 472, 248]
[474, 214, 477, 226]
[509, 810, 470, 804]
[641, 391, 611, 389]
[625, 1020, 643, 1019]
[640, 504, 678, 504]
[775, 709, 773, 694]
[780, 779, 795, 779]
[80, 731, 80, 745]
[165, 450, 166, 458]
[223, 690, 219, 705]
[235, 350, 253, 350]
[473, 1264, 290, 1264]
[349, 599, 363, 599]
[430, 993, 453, 988]
[543, 119, 559, 117]
[545, 524, 550, 543]
[614, 941, 598, 946]
[660, 971, 661, 990]
[839, 745, 855, 744]
[223, 618, 199, 614]
[325, 802, 348, 798]
[356, 659, 353, 645]
[387, 378, 393, 360]
[443, 180, 420, 182]
[470, 852, 514, 859]
[525, 852, 540, 854]
[574, 109, 570, 87]
[601, 427, 584, 430]
[930, 745, 948, 740]
[249, 565, 230, 567]
[363, 748, 350, 753]
[481, 899, 470, 899]
[593, 1005, 590, 1017]
[631, 1053, 634, 1040]
[700, 343, 723, 344]
[734, 1216, 734, 1185]
[811, 334, 838, 334]
[847, 650, 842, 669]
[215, 713, 220, 690]
[230, 372, 241, 374]
[355, 476, 355, 486]
[370, 450, 381, 448]
[413, 240, 390, 240]
[405, 492, 390, 487]
[429, 804, 415, 808]
[469, 867, 488, 872]
[494, 463, 494, 471]
[533, 437, 513, 435]
[681, 499, 661, 499]
[731, 691, 729, 708]
[840, 706, 827, 700]
[858, 420, 825, 420]
[60, 804, 62, 818]
[159, 765, 162, 780]
[309, 763, 280, 767]
[364, 439, 378, 439]
[511, 875, 495, 880]
[526, 519, 514, 519]
[734, 509, 783, 497]
[800, 383, 841, 383]
[805, 843, 843, 834]
[118, 714, 143, 714]
[135, 586, 136, 598]
[169, 390, 183, 390]
[246, 288, 251, 262]
[290, 370, 288, 386]
[361, 588, 360, 571]
[424, 911, 408, 917]
[458, 990, 430, 996]
[478, 689, 460, 689]
[470, 701, 470, 713]
[699, 983, 680, 987]
[698, 740, 683, 741]
[825, 543, 843, 544]
[995, 230, 997, 238]
[113, 556, 70, 545]
[171, 700, 183, 701]
[341, 685, 339, 675]
[365, 404, 378, 404]
[380, 1069, 389, 1067]
[390, 535, 390, 559]
[698, 781, 686, 809]
[218, 1264, 35, 1264]
[126, 490, 110, 490]
[110, 109, 126, 109]
[134, 643, 134, 628]
[214, 874, 214, 858]
[243, 406, 223, 405]
[243, 474, 209, 478]
[234, 839, 234, 825]
[228, 660, 254, 664]
[272, 467, 278, 446]
[278, 868, 280, 849]
[286, 314, 298, 314]
[320, 820, 286, 825]
[285, 747, 300, 744]
[289, 822, 310, 819]
[319, 864, 319, 845]
[315, 1214, 333, 1214]
[328, 819, 359, 819]
[340, 648, 341, 663]
[359, 349, 335, 352]
[365, 969, 386, 969]
[380, 394, 366, 393]
[398, 609, 399, 595]
[414, 969, 414, 930]
[433, 850, 420, 850]
[494, 579, 468, 579]
[486, 280, 466, 280]
[513, 851, 501, 848]
[515, 223, 522, 199]
[550, 1040, 539, 1040]
[570, 546, 601, 546]
[563, 194, 601, 194]
[685, 513, 703, 514]
[698, 283, 702, 270]
[744, 290, 744, 276]
[760, 268, 760, 280]
[774, 794, 774, 808]
[775, 921, 776, 940]
[809, 675, 809, 688]
[831, 764, 843, 763]
[894, 458, 894, 443]
[191, 655, 220, 659]
[310, 369, 290, 364]
[323, 319, 318, 295]
[370, 160, 370, 178]
[373, 262, 384, 258]
[403, 204, 385, 208]
[430, 970, 453, 971]
[461, 714, 459, 701]
[468, 973, 465, 945]
[480, 740, 465, 741]
[470, 496, 489, 500]
[646, 900, 658, 958]
[78, 721, 59, 719]
[163, 781, 193, 773]
[260, 360, 281, 364]
[319, 884, 318, 866]
[340, 690, 329, 690]
[349, 788, 348, 774]
[373, 854, 377, 841]
[383, 752, 400, 749]
[411, 596, 441, 593]
[492, 340, 489, 354]
[484, 823, 507, 827]
[600, 805, 580, 806]
[634, 185, 640, 245]
[655, 959, 643, 900]
[672, 833, 674, 814]
[699, 547, 707, 573]
[730, 391, 760, 394]
[773, 630, 776, 615]
[809, 718, 790, 708]
[953, 743, 952, 486]
[978, 1154, 790, 1154]
[152, 576, 139, 609]
[253, 268, 248, 292]
[309, 680, 333, 671]
[326, 806, 325, 816]
[365, 805, 366, 818]
[411, 888, 429, 888]
[453, 410, 440, 411]
[428, 165, 469, 172]
[451, 639, 468, 638]
[461, 1005, 436, 1007]
[544, 575, 530, 575]
[549, 551, 542, 526]
[621, 1085, 595, 1087]
[615, 1053, 628, 1054]
[673, 526, 655, 532]
[679, 593, 672, 574]
[728, 448, 695, 453]
[718, 935, 713, 959]
[839, 787, 801, 785]
[845, 672, 869, 674]
[105, 729, 107, 741]
[194, 721, 213, 716]
[296, 894, 313, 891]
[309, 758, 308, 745]
[328, 341, 310, 346]
[356, 826, 355, 838]
[429, 794, 423, 775]
[425, 490, 425, 508]
[483, 230, 487, 248]
[542, 423, 526, 420]
[551, 1002, 526, 1000]
[586, 1023, 591, 1001]
[608, 322, 570, 317]
[633, 1098, 620, 1101]
[630, 853, 649, 853]
[659, 838, 649, 840]
[656, 313, 678, 318]
[661, 443, 683, 438]
[683, 678, 683, 653]
[698, 394, 700, 405]
[685, 963, 704, 963]
[724, 543, 722, 520]
[760, 298, 757, 268]
[808, 565, 795, 566]
[807, 668, 811, 635]
[846, 383, 858, 384]
[948, 26, 933, 26]
[31, 1066, 30, 1109]
[263, 668, 228, 663]
[230, 576, 259, 578]
[278, 723, 273, 700]
[313, 894, 290, 897]
[428, 397, 418, 395]
[455, 1051, 484, 1043]
[484, 362, 470, 365]
[634, 203, 631, 185]
[664, 238, 649, 241]
[695, 450, 728, 445]
[778, 608, 780, 595]
[858, 408, 859, 393]
[103, 766, 123, 758]
[160, 605, 155, 623]
[424, 994, 407, 997]
[539, 858, 547, 875]
[709, 520, 712, 538]
[715, 760, 736, 753]
[801, 733, 823, 733]
[849, 563, 847, 550]
[183, 704, 168, 702]
[284, 725, 298, 721]
[321, 705, 317, 683]
[387, 319, 384, 295]
[608, 704, 621, 703]
[604, 185, 643, 172]
[645, 804, 658, 803]
[748, 733, 735, 736]
[734, 733, 748, 730]
[730, 668, 763, 668]
[994, 731, 996, 748]
[271, 817, 256, 822]
[279, 465, 293, 459]
[350, 534, 352, 548]
[503, 829, 482, 826]
[579, 159, 575, 146]
[640, 867, 615, 872]
[654, 529, 671, 524]
[695, 323, 698, 342]
[709, 318, 697, 320]
[829, 745, 795, 748]
[264, 624, 250, 623]
[335, 193, 367, 181]
[398, 380, 399, 364]
[428, 817, 403, 825]
[488, 1044, 454, 1055]
[546, 199, 544, 187]
[630, 225, 607, 231]
[685, 457, 661, 466]
[687, 441, 661, 446]
[824, 799, 815, 799]
[843, 381, 839, 364]
[860, 830, 885, 827]
[216, 851, 233, 848]
[254, 819, 270, 815]
[358, 324, 335, 327]
[416, 1217, 381, 1216]
[519, 338, 519, 348]
[105, 743, 102, 725]
[677, 815, 674, 837]
[703, 967, 690, 965]
[840, 356, 845, 381]
[886, 830, 860, 833]
[272, 897, 284, 901]
[285, 334, 286, 348]
[395, 361, 391, 378]
[468, 175, 438, 169]
[540, 760, 568, 756]
[659, 663, 674, 664]
[797, 520, 795, 535]
[835, 484, 848, 481]
[53, 714, 49, 697]
[134, 428, 105, 434]
[363, 1164, 340, 1164]
[379, 209, 361, 214]
[396, 558, 399, 534]
[604, 229, 635, 221]
[739, 794, 729, 814]
[741, 266, 710, 266]
[785, 634, 808, 629]
[106, 431, 130, 426]
[361, 215, 360, 230]
[398, 355, 365, 347]
[436, 415, 435, 427]
[490, 411, 490, 421]
[530, 543, 530, 525]
[621, 1056, 589, 1047]
[665, 770, 676, 770]
[671, 268, 675, 257]
[741, 249, 736, 230]
[203, 780, 204, 793]
[290, 560, 276, 559]
[355, 800, 325, 805]
[401, 256, 417, 261]
[560, 120, 542, 123]
[569, 947, 582, 942]
[774, 650, 774, 668]
[818, 594, 801, 596]
[226, 876, 268, 874]
[256, 403, 270, 375]
[289, 809, 308, 804]
[371, 820, 388, 819]
[408, 393, 429, 393]
[154, 759, 144, 761]
[659, 425, 660, 441]
[708, 887, 688, 880]
[720, 836, 713, 826]
[743, 764, 758, 757]
[841, 615, 845, 624]
[138, 553, 135, 570]
[218, 686, 194, 686]
[205, 794, 213, 820]
[434, 334, 432, 321]
[696, 179, 671, 176]
[701, 819, 691, 839]
[824, 301, 765, 303]
[224, 456, 209, 467]
[405, 645, 416, 644]
[504, 996, 508, 1013]
[578, 571, 568, 570]
[574, 430, 597, 424]
[905, 500, 908, 518]
[228, 1154, 25, 1154]
[90, 750, 106, 750]
[163, 464, 136, 464]
[249, 949, 245, 930]
[274, 844, 261, 844]
[338, 1154, 280, 1154]
[369, 299, 363, 310]
[364, 700, 364, 738]
[378, 239, 360, 239]
[413, 284, 389, 284]
[400, 970, 413, 970]
[429, 1029, 416, 1029]
[493, 1154, 390, 1154]
[448, 669, 430, 669]
[464, 296, 465, 313]
[468, 945, 470, 970]
[484, 249, 481, 231]
[738, 1154, 530, 1154]
[549, 838, 552, 823]
[562, 1087, 554, 1085]
[600, 970, 621, 970]
[639, 254, 608, 254]
[644, 535, 644, 548]
[664, 810, 664, 823]
[721, 250, 738, 250]
[828, 324, 800, 324]
[843, 779, 815, 779]
[844, 594, 825, 594]
[870, 370, 870, 338]
[885, 214, 903, 219]
[936, 1224, 849, 1224]
[39, 713, 39, 728]
[226, 287, 210, 328]
[293, 462, 280, 468]
[453, 1046, 464, 1006]
[533, 482, 518, 476]
[595, 145, 594, 163]
[620, 153, 615, 143]
[621, 776, 643, 783]
[634, 1003, 634, 1014]
[634, 1034, 631, 1022]
[39, 745, 39, 765]
[204, 660, 189, 657]
[241, 608, 239, 581]
[276, 698, 281, 723]
[360, 212, 378, 207]
[514, 985, 500, 982]
[515, 1133, 533, 1135]
[633, 639, 615, 639]
[735, 477, 719, 517]
[727, 131, 730, 143]
[909, 458, 923, 452]
[974, 6, 974, 28]
[59, 525, 59, 553]
[131, 579, 136, 552]
[135, 390, 151, 391]
[209, 594, 200, 594]
[206, 328, 228, 275]
[290, 489, 269, 489]
[323, 885, 338, 885]
[556, 239, 563, 254]
[601, 139, 618, 142]
[618, 142, 623, 153]
[646, 315, 641, 343]
[839, 668, 844, 649]
[868, 513, 858, 514]
[88, 773, 72, 778]
[189, 744, 160, 757]
[243, 202, 246, 212]
[303, 776, 267, 786]
[297, 877, 309, 880]
[333, 675, 321, 679]
[495, 331, 519, 338]
[566, 216, 603, 228]
[643, 443, 648, 458]
[660, 691, 675, 690]
[667, 299, 693, 308]
[745, 597, 735, 601]
[159, 753, 188, 740]
[251, 413, 247, 422]
[411, 149, 415, 163]
[692, 589, 687, 570]
[802, 825, 805, 839]
[851, 835, 806, 845]
[95, 488, 130, 488]
[196, 775, 164, 783]
[260, 335, 274, 337]
[267, 783, 302, 773]
[403, 823, 429, 813]
[498, 454, 485, 455]
[565, 872, 578, 877]
[594, 300, 569, 291]
[682, 307, 664, 301]
[679, 248, 689, 216]
[686, 804, 694, 783]
[699, 720, 699, 739]
[912, 527, 923, 531]
[190, 700, 191, 718]
[409, 779, 417, 797]
[438, 1022, 427, 1000]
[427, 776, 433, 793]
[724, 427, 700, 426]
[791, 594, 818, 591]
[61, 750, 59, 765]
[140, 600, 149, 574]
[577, 880, 561, 875]
[834, 579, 848, 583]
[382, 902, 370, 897]
[571, 288, 593, 297]
[687, 842, 698, 817]
[152, 568, 157, 554]
[281, 449, 275, 466]
[482, 328, 456, 320]
[525, 200, 519, 224]
[618, 941, 624, 970]
[714, 797, 706, 814]
[727, 812, 734, 796]
[885, 439, 903, 439]
[160, 781, 155, 765]
[209, 819, 201, 792]
[411, 849, 402, 871]
[413, 795, 406, 780]
[459, 807, 436, 813]
[606, 213, 600, 195]
[200, 626, 213, 629]
[299, 724, 284, 728]
[703, 157, 684, 146]
[849, 484, 835, 488]
[884, 559, 857, 570]
[88, 546, 115, 554]
[323, 784, 320, 763]
[351, 828, 338, 831]
[468, 1000, 460, 1033]
[234, 708, 252, 702]
[688, 227, 681, 249]
[685, 143, 704, 154]
[862, 468, 860, 445]
[881, 737, 890, 744]
[230, 443, 245, 429]
[598, 83, 590, 87]
[602, 194, 608, 208]
[731, 205, 738, 223]
[902, 222, 884, 217]
[381, 415, 375, 430]
[522, 475, 535, 479]
[649, 1018, 653, 1003]
[729, 758, 715, 764]
[340, 301, 334, 318]
[523, 333, 526, 324]
[701, 565, 697, 551]
[65, 776, 92, 769]
[123, 670, 131, 650]
[309, 807, 288, 812]
[795, 509, 808, 506]
[815, 429, 848, 433]
[291, 361, 314, 367]
[545, 142, 566, 143]
[773, 433, 774, 424]
[881, 795, 890, 820]
[62, 555, 60, 610]
[173, 585, 185, 570]
[454, 1106, 493, 1107]
[635, 410, 644, 414]
[663, 604, 658, 591]
[855, 567, 882, 557]
[936, 331, 937, 353]
[27, 1028, 26, 515]
[111, 343, 113, 326]
[137, 623, 136, 611]
[272, 375, 268, 388]
[403, 369, 400, 383]
[469, 249, 465, 231]
[494, 877, 508, 873]
[523, 1112, 506, 1111]
[648, 856, 631, 857]
[657, 710, 656, 724]
[705, 269, 699, 291]
[761, 23, 884, 23]
[735, 1111, 898, 1112]
[911, 813, 913, 795]
[926, 519, 928, 481]
[952, 383, 952, 125]
[951, 440, 951, 395]
[952, 485, 952, 471]
[952, 969, 952, 921]
[992, 243, 991, 230]
[66, 478, 67, 458]
[124, 761, 107, 768]
[158, 605, 169, 586]
[171, 593, 223, 591]
[263, 241, 273, 236]
[274, 336, 284, 336]
[354, 148, 368, 147]
[398, 775, 397, 790]
[423, 867, 433, 867]
[461, 771, 462, 783]
[508, 1108, 558, 1108]
[528, 688, 543, 686]
[631, 179, 605, 188]
[648, 776, 647, 755]
[643, 837, 659, 836]
[768, 27, 625, 26]
[768, 262, 784, 261]
[884, 23, 954, 23]
[895, 588, 910, 594]
[951, 41, 952, 30]
[952, 123, 952, 43]
[951, 469, 952, 443]
[31, 760, 32, 788]
[136, 519, 137, 509]
[178, 422, 155, 423]
[195, 682, 205, 681]
[223, 363, 205, 362]
[239, 472, 257, 470]
[240, 1106, 273, 1106]
[274, 472, 261, 473]
[297, 473, 298, 465]
[314, 532, 325, 533]
[467, 505, 466, 523]
[485, 453, 513, 451]
[558, 336, 550, 337]
[546, 433, 558, 431]
[563, 492, 578, 491]
[588, 84, 574, 88]
[565, 66, 594, 67]
[590, 517, 603, 516]
[603, 824, 602, 814]
[625, 26, 554, 26]
[628, 446, 626, 455]
[646, 798, 647, 790]
[690, 572, 695, 587]
[903, 27, 769, 27]
[774, 389, 778, 413]
[788, 1157, 761, 1156]
[793, 500, 791, 508]
[818, 547, 809, 546]
[887, 820, 879, 796]
[916, 219, 917, 244]
[932, 555, 931, 575]
[951, 1028, 951, 969]
[982, 218, 983, 238]
[982, 455, 983, 498]
[23, 1156, 0, 1156]
[31, 796, 31, 1026]
[36, 744, 37, 721]
[35, 1106, 128, 1106]
[40, 1052, 56, 1053]
[189, 1057, 43, 1056]
[51, 695, 55, 712]
[56, 603, 57, 546]
[100, 531, 111, 533]
[106, 373, 108, 363]
[145, 646, 158, 647]
[150, 668, 168, 668]
[178, 671, 151, 671]
[156, 678, 183, 678]
[185, 681, 170, 681]
[170, 488, 188, 488]
[153, 688, 186, 688]
[193, 81, 180, 81]
[188, 723, 188, 705]
[195, 738, 210, 738]
[208, 741, 195, 742]
[206, 538, 225, 538]
[205, 682, 214, 683]
[193, 1263, 218, 1261]
[223, 656, 223, 641]
[248, 491, 220, 491]
[220, 713, 233, 709]
[226, 645, 226, 659]
[228, 746, 226, 720]
[244, 1156, 230, 1156]
[253, 847, 240, 848]
[268, 462, 250, 463]
[278, 1156, 258, 1156]
[280, 583, 298, 582]
[293, 158, 303, 156]
[301, 668, 301, 650]
[305, 1106, 414, 1106]
[324, 536, 314, 537]
[338, 663, 337, 650]
[365, 387, 340, 386]
[356, 606, 356, 623]
[355, 1031, 365, 1033]
[346, 688, 368, 688]
[369, 183, 333, 197]
[371, 490, 372, 513]
[368, 390, 383, 392]
[375, 1036, 390, 1036]
[384, 399, 382, 409]
[383, 688, 423, 687]
[394, 496, 413, 497]
[438, 742, 400, 743]
[434, 386, 385, 386]
[436, 495, 436, 475]
[493, 386, 440, 386]
[446, 570, 446, 594]
[446, 653, 446, 635]
[468, 641, 451, 641]
[463, 865, 463, 853]
[460, 383, 480, 383]
[466, 855, 466, 865]
[488, 557, 475, 559]
[486, 353, 489, 339]
[480, 1066, 499, 1067]
[491, 518, 491, 505]
[490, 252, 502, 250]
[493, 288, 524, 286]
[494, 1108, 505, 1108]
[508, 526, 496, 526]
[513, 691, 500, 691]
[538, 387, 505, 386]
[525, 711, 548, 712]
[544, 846, 525, 846]
[536, 856, 526, 856]
[663, 1112, 521, 1112]
[529, 998, 548, 998]
[542, 478, 541, 460]
[542, 618, 541, 600]
[566, 146, 546, 146]
[549, 333, 560, 333]
[558, 586, 545, 586]
[558, 545, 558, 530]
[556, 1081, 565, 1083]
[565, 518, 578, 517]
[576, 775, 576, 788]
[576, 1108, 588, 1108]
[582, 770, 600, 783]
[598, 424, 598, 406]
[600, 621, 608, 621]
[600, 666, 613, 666]
[601, 712, 618, 711]
[606, 808, 606, 823]
[633, 736, 616, 737]
[619, 883, 638, 881]
[637, 1046, 630, 1058]
[637, 443, 638, 458]
[638, 825, 638, 806]
[656, 511, 668, 512]
[676, 488, 660, 486]
[686, 660, 686, 676]
[698, 411, 695, 395]
[696, 383, 699, 374]
[720, 346, 700, 346]
[705, 191, 721, 192]
[686, 263, 734, 263]
[718, 734, 718, 718]
[726, 530, 726, 579]
[756, 636, 725, 636]
[728, 633, 738, 633]
[764, 671, 731, 671]
[749, 721, 731, 724]
[759, 1157, 740, 1156]
[725, 517, 764, 518]
[745, 23, 759, 23]
[780, 418, 793, 418]
[793, 421, 780, 421]
[796, 345, 796, 384]
[805, 298, 821, 298]
[878, 386, 800, 386]
[811, 418, 858, 418]
[823, 421, 815, 421]
[814, 489, 828, 486]
[843, 636, 837, 609]
[887, 583, 886, 565]
[913, 762, 885, 761]
[901, 853, 903, 841]
[870, 757, 913, 758]
[905, 1113, 923, 1113]
[931, 26, 905, 26]
[927, 454, 909, 462]
[927, 573, 928, 548]
[951, 1110, 951, 1030]
[983, 1068, 983, 1140]
[145, 714, 147, 698]
[154, 446, 135, 448]
[180, 625, 193, 627]
[203, 491, 170, 491]
[217, 720, 216, 739]
[228, 751, 215, 751]
[225, 330, 228, 311]
[246, 516, 230, 518]
[237, 114, 241, 105]
[243, 214, 241, 204]
[230, 562, 248, 561]
[241, 743, 255, 743]
[247, 818, 245, 799]
[253, 353, 240, 352]
[265, 484, 255, 482]
[291, 1261, 320, 1263]
[302, 560, 302, 588]
[311, 745, 311, 756]
[323, 895, 320, 923]
[313, 152, 328, 151]
[333, 241, 345, 242]
[325, 361, 340, 361]
[356, 406, 335, 406]
[367, 494, 366, 480]
[383, 800, 370, 775]
[381, 1213, 398, 1212]
[406, 142, 426, 143]
[425, 297, 427, 313]
[459, 631, 450, 632]
[456, 721, 456, 733]
[463, 523, 463, 499]
[455, 738, 493, 737]
[490, 498, 491, 479]
[496, 806, 513, 807]
[545, 333, 540, 320]
[542, 594, 540, 582]
[553, 478, 552, 455]
[553, 1021, 553, 1011]
[562, 370, 562, 340]
[578, 830, 576, 810]
[575, 686, 606, 686]
[585, 878, 596, 878]
[587, 1024, 588, 1044]
[591, 548, 591, 558]
[607, 470, 591, 464]
[614, 736, 604, 737]
[626, 841, 626, 848]
[661, 272, 650, 273]
[672, 405, 671, 419]
[686, 319, 708, 316]
[691, 1053, 704, 1078]
[723, 190, 721, 175]
[733, 469, 733, 450]
[736, 440, 737, 468]
[731, 598, 743, 595]
[736, 422, 748, 421]
[777, 425, 776, 439]
[806, 688, 807, 678]
[801, 543, 816, 543]
[868, 606, 858, 606]
[860, 383, 868, 383]
[904, 464, 871, 477]
[930, 288, 933, 298]
[932, 359, 931, 330]
[956, 26, 956, 44]
[956, 51, 956, 63]
[956, 98, 956, 124]
[956, 780, 956, 889]
[981, 938, 981, 925]
[26, 333, 26, 280]
[26, 478, 26, 370]
[78, 68, 78, 58]
[75, 501, 103, 501]
[81, 56, 82, 73]
[103, 491, 80, 493]
[116, 335, 116, 356]
[133, 599, 132, 580]
[158, 533, 157, 516]
[186, 691, 170, 691]
[175, 646, 190, 646]
[179, 901, 194, 901]
[191, 763, 191, 745]
[193, 533, 193, 518]
[208, 901, 218, 901]
[218, 748, 228, 748]
[227, 535, 226, 519]
[224, 403, 244, 403]
[237, 625, 236, 638]
[236, 743, 238, 726]
[240, 906, 248, 906]
[246, 419, 246, 410]
[253, 705, 240, 709]
[258, 253, 258, 246]
[280, 537, 261, 538]
[286, 366, 273, 366]
[273, 163, 283, 161]
[296, 1058, 275, 1058]
[290, 165, 280, 167]
[282, 354, 283, 341]
[293, 478, 276, 477]
[301, 465, 302, 483]
[309, 718, 318, 717]
[314, 584, 312, 594]
[311, 506, 333, 509]
[331, 583, 315, 583]
[321, 843, 321, 883]
[325, 623, 335, 623]
[325, 732, 338, 731]
[332, 525, 331, 510]
[337, 578, 336, 555]
[335, 323, 358, 321]
[335, 403, 356, 403]
[353, 624, 353, 603]
[368, 691, 355, 691]
[361, 410, 362, 418]
[361, 558, 364, 587]
[405, 691, 390, 691]
[401, 535, 401, 548]
[401, 318, 413, 317]
[423, 891, 410, 891]
[433, 727, 415, 726]
[405, 382, 434, 383]
[436, 278, 436, 260]
[436, 378, 436, 365]
[443, 596, 428, 596]
[435, 888, 445, 888]
[454, 891, 435, 891]
[438, 848, 461, 848]
[448, 225, 448, 210]
[470, 756, 483, 756]
[498, 1072, 478, 1071]
[492, 295, 493, 314]
[498, 720, 498, 733]
[495, 262, 504, 261]
[500, 648, 519, 647]
[511, 397, 503, 396]
[505, 276, 538, 276]
[516, 708, 516, 698]
[525, 843, 540, 843]
[525, 781, 533, 781]
[543, 1082, 523, 1080]
[536, 785, 536, 793]
[538, 310, 538, 290]
[541, 290, 542, 308]
[541, 358, 543, 349]
[545, 879, 536, 855]
[558, 313, 545, 313]
[545, 382, 558, 383]
[565, 403, 589, 403]
[573, 788, 573, 776]
[580, 803, 613, 802]
[587, 565, 588, 550]
[593, 881, 585, 881]
[593, 955, 593, 946]
[596, 948, 597, 968]
[626, 428, 601, 428]
[621, 706, 608, 706]
[616, 520, 617, 538]
[618, 690, 617, 675]
[623, 851, 622, 835]
[641, 810, 641, 823]
[643, 298, 643, 278]
[643, 368, 643, 350]
[646, 285, 646, 293]
[647, 356, 646, 369]
[645, 826, 658, 826]
[651, 745, 651, 768]
[673, 666, 661, 666]
[681, 486, 681, 498]
[694, 266, 685, 267]
[685, 756, 698, 756]
[690, 877, 708, 884]
[708, 540, 708, 530]
[718, 602, 705, 601]
[731, 373, 715, 373]
[721, 715, 721, 729]
[723, 585, 723, 545]
[726, 729, 726, 718]
[735, 681, 765, 681]
[746, 270, 746, 298]
[745, 633, 758, 633]
[759, 331, 750, 331]
[750, 346, 769, 346]
[782, 560, 781, 540]
[803, 653, 785, 653]
[793, 383, 793, 351]
[786, 262, 819, 261]
[811, 650, 811, 658]
[820, 503, 828, 503]
[828, 506, 820, 506]
[851, 550, 851, 563]
[856, 706, 868, 706]
[873, 526, 850, 526]
[871, 628, 871, 610]
[871, 673, 871, 650]
[875, 648, 884, 648]
[886, 553, 886, 540]
[916, 773, 916, 765]
[923, 434, 890, 434]
[936, 463, 937, 454]
[941, 389, 942, 433]
[983, 310, 983, 328]
[983, 550, 983, 578]
[983, 625, 983, 653]
[983, 715, 983, 753]
[983, 805, 983, 843]
[983, 860, 983, 893]
[983, 1000, 983, 1023]
[991, 260, 993, 303]
[28, 135, 28, 148]
[71, 460, 71, 473]
[77, 745, 78, 733]
[173, 1217, 79, 1217]
[136, 508, 136, 495]
[144, 626, 138, 626]
[148, 718, 148, 743]
[163, 492, 140, 492]
[161, 523, 161, 533]
[168, 629, 168, 643]
[171, 650, 172, 663]
[191, 516, 164, 516]
[197, 526, 196, 533]
[210, 561, 221, 561]
[225, 518, 200, 516]
[231, 76, 232, 55]
[235, 536, 253, 536]
[293, 501, 276, 501]
[283, 684, 283, 674]
[286, 675, 286, 683]
[298, 446, 285, 448]
[305, 456, 333, 457]
[313, 775, 313, 799]
[323, 816, 323, 805]
[333, 493, 333, 503]
[348, 561, 340, 561]
[343, 733, 342, 716]
[363, 365, 361, 350]
[368, 151, 360, 153]
[368, 771, 403, 772]
[408, 321, 365, 324]
[387, 237, 413, 238]
[410, 993, 423, 992]
[425, 751, 440, 752]
[435, 797, 443, 796]
[461, 823, 461, 810]
[464, 278, 498, 277]
[490, 776, 498, 776]
[503, 363, 490, 363]
[500, 766, 507, 757]
[495, 522, 508, 521]
[519, 855, 515, 869]
[546, 625, 524, 627]
[526, 287, 538, 286]
[532, 398, 533, 413]
[558, 386, 545, 386]
[563, 613, 561, 590]
[566, 595, 567, 613]
[591, 163, 593, 143]
[588, 1083, 618, 1081]
[608, 733, 623, 733]
[617, 474, 615, 460]
[623, 87, 614, 86]
[620, 673, 628, 673]
[645, 755, 620, 757]
[651, 548, 651, 535]
[651, 653, 651, 640]
[638, 382, 658, 383]
[665, 386, 650, 387]
[657, 988, 658, 979]
[665, 782, 655, 781]
[676, 516, 677, 529]
[702, 1051, 697, 1035]
[707, 674, 708, 660]
[723, 361, 705, 363]
[715, 316, 730, 318]
[721, 699, 721, 685]
[717, 125, 727, 131]
[741, 653, 730, 652]
[749, 476, 738, 476]
[753, 685, 753, 703]
[768, 438, 746, 437]
[778, 840, 768, 822]
[778, 772, 790, 771]
[791, 706, 805, 711]
[795, 576, 813, 576]
[841, 336, 809, 337]
[843, 766, 830, 767]
[863, 737, 854, 736]
[861, 394, 862, 413]
[891, 651, 876, 651]
[896, 387, 879, 387]
[901, 648, 908, 648]
[908, 651, 894, 652]
[921, 765, 920, 783]
[937, 433, 936, 395]
[983, 145, 983, 158]
[993, 570, 993, 605]
[993, 613, 993, 653]
[91, 71, 93, 60]
[116, 554, 125, 580]
[148, 688, 147, 668]
[155, 516, 143, 516]
[178, 443, 205, 442]
[244, 423, 225, 423]
[256, 243, 256, 233]
[284, 827, 260, 829]
[282, 903, 272, 901]
[265, 498, 278, 498]
[270, 641, 283, 643]
[290, 687, 298, 686]
[303, 718, 301, 710]
[317, 841, 305, 844]
[333, 626, 321, 625]
[343, 491, 335, 491]
[342, 670, 343, 686]
[358, 341, 343, 343]
[351, 1180, 352, 1192]
[361, 784, 364, 801]
[360, 987, 374, 988]
[368, 178, 368, 158]
[383, 1042, 375, 1041]
[390, 146, 398, 146]
[392, 865, 394, 881]
[428, 358, 400, 356]
[406, 403, 406, 393]
[416, 276, 395, 277]
[438, 956, 430, 956]
[440, 938, 451, 938]
[440, 868, 461, 867]
[493, 472, 469, 473]
[478, 677, 470, 675]
[470, 897, 483, 896]
[476, 647, 491, 648]
[513, 798, 489, 796]
[497, 403, 498, 390]
[507, 507, 496, 506]
[503, 845, 515, 848]
[538, 136, 518, 137]
[521, 759, 522, 778]
[536, 603, 537, 618]
[537, 886, 540, 898]
[545, 1261, 575, 1263]
[588, 582, 568, 581]
[577, 100, 578, 148]
[590, 1045, 615, 1052]
[619, 728, 609, 728]
[650, 281, 663, 281]
[673, 919, 671, 900]
[665, 671, 676, 671]
[684, 346, 650, 347]
[693, 282, 675, 283]
[676, 573, 680, 588]
[681, 760, 682, 769]
[693, 716, 681, 716]
[703, 516, 683, 516]
[700, 506, 685, 507]
[697, 303, 698, 293]
[718, 636, 706, 636]
[750, 262, 764, 261]
[772, 805, 771, 790]
[773, 328, 782, 327]
[776, 544, 777, 560]
[779, 618, 776, 634]
[793, 449, 779, 447]
[808, 708, 806, 695]
[863, 425, 860, 433]
[860, 523, 868, 523]
[869, 474, 895, 465]
[855, 577, 879, 577]
[930, 515, 932, 523]
[57, 823, 57, 806]
[150, 744, 183, 726]
[188, 537, 165, 538]
[232, 790, 231, 780]
[220, 496, 248, 496]
[288, 517, 253, 517]
[294, 623, 268, 623]
[324, 704, 322, 714]
[334, 155, 320, 157]
[356, 641, 358, 658]
[361, 514, 361, 523]
[400, 348, 404, 339]
[423, 973, 389, 972]
[422, 320, 424, 329]
[453, 772, 429, 773]
[420, 578, 438, 576]
[456, 468, 440, 466]
[467, 991, 467, 974]
[495, 878, 468, 870]
[483, 186, 475, 205]
[530, 324, 524, 337]
[530, 971, 548, 971]
[559, 868, 563, 859]
[585, 521, 565, 522]
[576, 649, 592, 658]
[600, 438, 585, 437]
[591, 1018, 610, 1018]
[608, 908, 595, 906]
[610, 827, 621, 828]
[683, 1217, 608, 1217]
[620, 802, 640, 802]
[657, 673, 658, 664]
[684, 112, 673, 111]
[688, 483, 687, 460]
[701, 605, 701, 618]
[707, 500, 707, 508]
[733, 351, 721, 346]
[738, 611, 728, 611]
[752, 755, 730, 758]
[763, 918, 748, 915]
[786, 513, 788, 501]
[868, 782, 875, 791]
[894, 482, 905, 481]
[952, 920, 952, 765]
[982, 205, 983, 214]
[66, 718, 81, 718]
[101, 437, 79, 475]
[136, 628, 136, 643]
[176, 83, 164, 75]
[185, 729, 153, 746]
[200, 373, 224, 373]
[216, 856, 216, 875]
[236, 825, 237, 843]
[243, 401, 243, 390]
[260, 610, 230, 613]
[254, 701, 267, 694]
[296, 316, 288, 316]
[300, 553, 313, 551]
[310, 488, 328, 487]
[328, 1216, 319, 1216]
[334, 821, 328, 821]
[344, 348, 358, 346]
[347, 755, 353, 793]
[376, 406, 365, 406]
[386, 971, 365, 972]
[392, 841, 383, 853]
[412, 838, 411, 849]
[414, 1107, 451, 1107]
[416, 945, 416, 969]
[420, 848, 433, 848]
[411, 1026, 435, 1028]
[440, 408, 468, 408]
[446, 676, 435, 677]
[450, 441, 470, 442]
[468, 182, 456, 183]
[466, 215, 467, 223]
[469, 908, 481, 908]
[524, 1037, 551, 1038]
[594, 197, 571, 196]
[593, 591, 576, 593]
[609, 82, 599, 83]
[616, 495, 616, 501]
[629, 856, 590, 857]
[636, 555, 639, 567]
[636, 88, 645, 93]
[648, 507, 640, 506]
[670, 738, 696, 738]
[701, 1040, 707, 1048]
[715, 1068, 717, 1078]
[725, 703, 708, 703]
[719, 1262, 733, 1261]
[711, 292, 741, 293]
[737, 1185, 736, 1200]
[756, 863, 756, 870]
[784, 342, 771, 348]
[843, 547, 825, 546]
[938, 1217, 864, 1216]
[896, 441, 896, 458]
[916, 743, 918, 726]
[989, 660, 989, 688]
[991, 15, 992, 28]
[993, 761, 992, 733]
[199, 57, 203, 68]
[215, 823, 225, 822]
[228, 585, 227, 598]
[243, 373, 253, 371]
[278, 1007, 267, 1005]
[281, 860, 281, 868]
[361, 318, 361, 305]
[440, 281, 452, 284]
[452, 372, 444, 353]
[440, 382, 460, 382]
[570, 622, 585, 622]
[660, 586, 666, 602]
[686, 362, 675, 362]
[707, 658, 697, 655]
[780, 783, 783, 793]
[799, 783, 810, 783]
[806, 449, 823, 448]
[826, 285, 826, 293]
[993, 1185, 991, 1224]
[101, 803, 93, 789]
[122, 310, 120, 320]
[116, 688, 124, 682]
[147, 444, 148, 421]
[155, 401, 141, 422]
[208, 1057, 189, 1057]
[223, 1215, 221, 1230]
[266, 630, 266, 638]
[291, 247, 281, 246]
[323, 275, 319, 292]
[323, 687, 339, 688]
[343, 1033, 334, 1030]
[352, 488, 353, 474]
[388, 656, 380, 656]
[388, 556, 388, 535]
[411, 566, 403, 566]
[406, 916, 406, 895]
[417, 408, 398, 407]
[447, 594, 447, 603]
[457, 266, 457, 254]
[457, 419, 450, 435]
[468, 710, 468, 701]
[510, 246, 497, 255]
[504, 789, 501, 780]
[510, 1018, 528, 1017]
[530, 1040, 513, 1037]
[569, 196, 560, 196]
[585, 548, 570, 548]
[588, 659, 573, 651]
[593, 658, 613, 656]
[600, 402, 643, 402]
[663, 234, 663, 225]
[660, 777, 674, 784]
[688, 568, 698, 567]
[685, 983, 700, 981]
[712, 950, 713, 941]
[715, 383, 733, 381]
[773, 935, 772, 923]
[798, 561, 797, 546]
[868, 747, 840, 748]
[848, 731, 835, 733]
[816, 777, 849, 777]
[855, 605, 841, 608]
[36, 1262, 64, 1263]
[95, 515, 80, 517]
[173, 53, 165, 64]
[298, 431, 274, 424]
[290, 332, 300, 333]
[310, 923, 316, 923]
[407, 341, 403, 349]
[420, 237, 435, 238]
[462, 700, 463, 713]
[475, 627, 495, 628]
[492, 553, 492, 535]
[558, 405, 546, 393]
[579, 451, 565, 452]
[582, 934, 582, 909]
[598, 784, 580, 773]
[629, 1056, 621, 1056]
[658, 807, 645, 806]
[713, 1078, 711, 1070]
[708, 712, 719, 713]
[831, 257, 817, 264]
[827, 611, 826, 623]
[891, 494, 875, 498]
[659, 1152, 978, 1152]
[27, 1108, 27, 1034]
[42, 689, 42, 671]
[132, 654, 126, 674]
[133, 460, 133, 450]
[176, 786, 194, 784]
[208, 826, 198, 827]
[266, 934, 268, 951]
[288, 542, 281, 537]
[300, 531, 309, 533]
[321, 295, 325, 317]
[356, 881, 343, 882]
[366, 609, 367, 623]
[436, 390, 437, 403]
[467, 875, 466, 894]
[474, 227, 471, 215]
[513, 489, 523, 509]
[552, 203, 569, 169]
[565, 821, 570, 831]
[630, 1023, 618, 1021]
[642, 548, 643, 524]
[640, 512, 655, 511]
[650, 372, 659, 372]
[708, 530, 705, 520]
[800, 785, 783, 780]
[797, 404, 797, 390]
[806, 768, 823, 767]
[848, 588, 832, 580]
[975, 1262, 984, 1261]
[64, 681, 55, 692]
[200, 400, 190, 403]
[372, 428, 379, 411]
[392, 818, 387, 805]
[395, 457, 404, 456]
[410, 913, 423, 908]
[515, 317, 505, 317]
[504, 779, 507, 787]
[513, 534, 518, 545]
[556, 1056, 581, 1056]
[653, 101, 631, 89]
[663, 463, 683, 455]
[690, 439, 695, 449]
[719, 509, 733, 474]
[822, 271, 826, 285]
[952, 1227, 936, 1225]
[37, 765, 37, 745]
[118, 529, 109, 519]
[422, 509, 424, 495]
[486, 968, 494, 968]
[679, 794, 677, 805]
[700, 652, 707, 656]
[764, 477, 749, 477]
[76, 473, 100, 434]
[369, 282, 358, 282]
[372, 894, 385, 899]
[450, 627, 468, 627]
[511, 352, 517, 345]
[560, 956, 568, 949]
[577, 946, 565, 956]
[575, 236, 596, 238]
[620, 435, 601, 438]
[679, 696, 689, 695]
[702, 813, 721, 783]
[192, 663, 192, 678]
[350, 282, 355, 292]
[363, 418, 355, 428]
[447, 210, 447, 185]
[472, 204, 479, 191]
[526, 993, 527, 980]
[578, 148, 583, 158]
[814, 635, 812, 650]
[840, 796, 848, 813]
[888, 747, 879, 739]
[331, 317, 337, 304]
[381, 451, 370, 453]
[570, 365, 598, 351]
[597, 462, 613, 471]
[681, 715, 683, 704]
[697, 1068, 687, 1055]
[707, 720, 707, 731]
[783, 593, 781, 610]
[135, 423, 153, 399]
[229, 275, 243, 255]
[265, 877, 221, 879]
[48, 518, 37, 516]
[59, 743, 74, 727]
[162, 388, 204, 334]
[207, 465, 223, 453]
[247, 432, 234, 444]
[247, 292, 231, 311]
[360, 237, 380, 237]
[411, 262, 394, 257]
[428, 337, 418, 325]
[426, 597, 410, 599]
[591, 88, 581, 97]
[607, 255, 596, 242]
[658, 439, 657, 425]
[687, 541, 672, 528]
[706, 770, 700, 779]
[109, 515, 123, 533]
[288, 230, 298, 218]
[340, 949, 350, 978]
[399, 872, 407, 850]
[418, 1152, 510, 1152]
[521, 512, 515, 500]
[234, 851, 219, 853]
[245, 256, 226, 286]
[265, 698, 253, 706]
[460, 1034, 454, 1049]
[546, 960, 526, 960]
[749, 559, 730, 585]
[770, 346, 785, 339]
[53, 689, 61, 680]
[133, 776, 142, 761]
[213, 353, 223, 344]
[242, 586, 243, 606]
[423, 675, 403, 675]
[579, 163, 561, 189]
[814, 797, 836, 796]
[62, 647, 68, 663]
[125, 586, 113, 555]
[207, 335, 170, 383]
[228, 311, 246, 288]
[571, 169, 578, 160]
[625, 587, 616, 596]
[685, 807, 677, 815]
[713, 679, 706, 692]
[188, 574, 171, 589]
[315, 402, 328, 401]
[460, 686, 479, 688]
[760, 887, 767, 894]
[879, 724, 870, 732]
[128, 754, 138, 750]
[167, 597, 162, 605]
[218, 108, 214, 98]
[299, 218, 334, 193]
[348, 475, 347, 488]
[367, 509, 367, 496]
[375, 778, 396, 818]
[520, 886, 512, 875]
[616, 743, 633, 742]
[677, 529, 689, 539]
[750, 552, 764, 543]
[23, 1186, 20, 1175]
[73, 732, 66, 741]
[182, 79, 182, 59]
[309, 346, 293, 354]
[411, 545, 406, 558]
[649, 242, 641, 252]
[774, 286, 790, 286]
[842, 341, 842, 355]
[123, 686, 91, 708]
[342, 907, 358, 883]
[597, 237, 608, 251]
[628, 905, 639, 898]
[784, 810, 799, 822]
[264, 395, 258, 404]
[263, 410, 277, 399]
[463, 567, 471, 577]
[554, 27, 440, 27]
[645, 459, 641, 444]
[808, 631, 784, 637]
[880, 511, 888, 518]
[253, 957, 238, 958]
[535, 1077, 548, 1077]
[573, 1058, 553, 1058]
[673, 836, 664, 841]
[689, 780, 679, 786]
[437, 508, 437, 495]
[462, 316, 462, 279]
[546, 582, 558, 582]
[551, 1054, 552, 1041]
[568, 833, 562, 825]
[683, 137, 693, 127]
[713, 964, 704, 980]
[726, 793, 738, 780]
[738, 1008, 752, 996]
[81, 716, 104, 693]
[118, 680, 93, 666]
[734, 850, 750, 858]
[765, 546, 748, 557]
[912, 253, 912, 225]
[65, 524, 80, 523]
[135, 686, 144, 691]
[256, 663, 256, 644]
[362, 885, 351, 896]
[442, 920, 436, 928]
[535, 891, 523, 872]
[591, 358, 570, 369]
[600, 172, 613, 172]
[146, 669, 138, 655]
[222, 640, 211, 631]
[296, 350, 307, 343]
[417, 558, 416, 545]
[883, 591, 878, 580]
[900, 747, 913, 747]
[145, 762, 136, 776]
[353, 294, 347, 285]
[372, 623, 371, 610]
[519, 348, 513, 355]
[652, 723, 652, 705]
[680, 772, 665, 773]
[730, 581, 750, 552]
[286, 885, 297, 876]
[332, 197, 295, 225]
[353, 265, 346, 272]
[382, 502, 376, 490]
[434, 238, 447, 226]
[770, 895, 776, 905]
[255, 716, 244, 721]
[362, 878, 379, 865]
[478, 770, 465, 771]
[613, 594, 624, 583]
[649, 1026, 641, 1037]
[727, 143, 725, 131]
[766, 814, 729, 836]
[140, 654, 149, 668]
[258, 645, 258, 655]
[553, 826, 552, 839]
[555, 841, 563, 848]
[595, 499, 588, 510]
[662, 148, 674, 140]
[820, 261, 828, 256]
[344, 270, 352, 262]
[401, 801, 394, 793]
[668, 1023, 674, 1031]
[728, 834, 763, 813]
[793, 797, 810, 795]
[854, 512, 868, 511]
[872, 803, 871, 790]
[163, 215, 149, 230]
[213, 629, 225, 639]
[531, 1006, 551, 1007]
[621, 968, 616, 942]
[443, 348, 455, 370]
[511, 92, 500, 105]
[521, 881, 523, 899]
[563, 895, 552, 886]
[803, 323, 839, 319]
[570, 567, 584, 568]
[803, 339, 810, 333]
[902, 472, 912, 466]
[183, 957, 172, 949]
[722, 784, 728, 776]
[872, 808, 857, 825]
[95, 664, 119, 678]
[353, 1192, 339, 1204]
[437, 250, 437, 241]
[144, 695, 134, 688]
[780, 311, 795, 314]
[362, 744, 362, 698]
[585, 712, 596, 711]
[785, 835, 790, 843]
[281, 400, 265, 412]
[603, 547, 593, 548]
[854, 825, 867, 809]
[91, 710, 82, 722]
[428, 626, 426, 615]
[538, 901, 536, 891]
[792, 849, 780, 857]
[94, 686, 110, 686]
[399, 1023, 361, 1005]
[372, 1008, 402, 1021]
[834, 798, 825, 798]
[330, 787, 343, 787]
[349, 981, 339, 952]
[226, 822, 238, 822]
[278, 486, 298, 487]
[418, 527, 433, 527]
[502, 250, 509, 241]
[913, 468, 904, 474]
[532, 525, 532, 543]
[695, 129, 685, 139]
[759, 759, 748, 766]
[64, 659, 60, 650]
[449, 1263, 473, 1262]
[275, 558, 288, 556]
[423, 871, 424, 883]
[461, 538, 462, 530]
[705, 701, 718, 701]
[981, 1086, 981, 1065]
[640, 901, 627, 908]
[225, 344, 226, 331]
[717, 827, 724, 835]
[802, 833, 796, 822]
[262, 932, 253, 923]
[383, 908, 371, 908]
[421, 883, 421, 873]
[527, 192, 533, 186]
[595, 699, 581, 696]
[815, 712, 828, 712]
[632, 638, 632, 625]
[782, 675, 782, 688]
[451, 343, 464, 365]
[765, 749, 776, 748]
[303, 846, 303, 859]
[447, 1031, 448, 1046]
[508, 757, 518, 757]
[396, 738, 397, 705]
[695, 542, 706, 542]
[500, 687, 518, 687]
[888, 895, 875, 910]
[130, 525, 135, 520]
[388, 187, 398, 187]
[465, 373, 450, 345]
[508, 982, 516, 982]
[183, 829, 163, 792]
[191, 787, 176, 788]
[457, 271, 439, 274]
[637, 243, 635, 226]
[772, 668, 772, 650]
[254, 333, 244, 333]
[359, 820, 349, 821]
[526, 910, 520, 898]
[635, 947, 650, 957]
[614, 143, 600, 142]
[60, 679, 63, 665]
[729, 779, 715, 795]
[485, 1042, 497, 1031]
[649, 961, 633, 949]
[351, 897, 335, 927]
[408, 839, 422, 827]
[153, 393, 105, 392]
[110, 688, 88, 688]
[166, 906, 178, 906]
[178, 908, 165, 908]
[233, 498, 220, 498]
[398, 719, 398, 739]
[408, 895, 408, 910]
[610, 688, 596, 688]
[793, 288, 776, 288]
[813, 798, 801, 798]
[838, 363, 816, 364]
[965, 691, 978, 691]
[823, 432, 800, 432]
[261, 842, 279, 841]
[872, 703, 872, 710]
[167, 794, 183, 824]
[807, 339, 807, 361]
[978, 693, 958, 694]
[609, 252, 636, 252]
[919, 660, 919, 678]
[838, 462, 828, 462]
[342, 364, 342, 374]
[338, 952, 329, 940]
[138, 462, 163, 462]
[419, 1022, 397, 1011]
[745, 617, 761, 617]
[612, 570, 612, 578]
[333, 926, 343, 908]
[282, 663, 282, 648]
[383, 462, 370, 462]
[398, 1009, 421, 1020]
[496, 502, 503, 502]
[352, 578, 352, 565]
[497, 630, 497, 643]
[475, 407, 493, 407]
[550, 622, 563, 622]
[210, 1152, 363, 1152]
[282, 850, 282, 860]
[363, 1072, 356, 1072]
[270, 392, 283, 392]
[317, 618, 317, 605]
[806, 1262, 814, 1262]
[452, 738, 452, 720]
[471, 577, 488, 577]
[738, 252, 691, 252]
[782, 655, 782, 668]
[432, 939, 432, 930]
[622, 723, 622, 715]
[825, 592, 843, 592]
[448, 689, 430, 689]
[703, 407, 723, 407]
[286, 388, 287, 376]
[628, 752, 633, 752]
[752, 431, 752, 425]
[343, 412, 356, 412]
[0, 1152, 119, 1152]
[42, 730, 42, 743]
[183, 477, 170, 477]
[207, 500, 207, 508]
[213, 487, 243, 487]
[248, 362, 240, 362]
[305, 442, 323, 442]
[333, 647, 310, 647]
[428, 27, 335, 27]
[380, 742, 393, 742]
[408, 292, 390, 292]
[428, 632, 415, 632]
[442, 591, 442, 580]
[473, 652, 455, 652]
[462, 846, 462, 835]
[480, 982, 493, 982]
[482, 695, 482, 703]
[492, 575, 492, 560]
[544, 852, 558, 852]
[557, 455, 557, 463]
[568, 702, 555, 702]
[562, 428, 562, 415]
[562, 525, 562, 543]
[578, 262, 565, 262]
[578, 482, 565, 482]
[582, 630, 582, 638]
[585, 837, 598, 837]
[613, 757, 595, 757]
[612, 918, 612, 910]
[642, 426, 642, 433]
[682, 885, 682, 898]
[718, 517, 710, 517]
[710, 677, 718, 677]
[737, 355, 737, 378]
[832, 693, 832, 680]
[839, 702, 851, 702]
[842, 324, 842, 331]
[912, 625, 912, 648]
[917, 648, 917, 625]
[922, 635, 922, 648]
[922, 610, 922, 623]
[982, 5, 982, 23]
[985, 512, 991, 512]
[992, 695, 992, 703]
[88, 27, 35, 27]
[148, 27, 125, 27]
[283, 27, 265, 27]
[298, 647, 290, 647]
[388, 1072, 380, 1072]
[395, 167, 408, 167]
[443, 632, 435, 632]
[500, 712, 513, 712]
[525, 622, 533, 622]
[542, 261, 542, 268]
[562, 818, 562, 810]
[578, 902, 566, 902]
[594, 297, 603, 297]
[617, 781, 617, 798]
[675, 422, 693, 422]
[686, 712, 693, 712]
[696, 981, 706, 973]
[732, 400, 732, 408]
[793, 387, 775, 387]
[832, 715, 832, 723]
[843, 572, 835, 572]
[27, 55, 27, 63]
[27, 75, 27, 98]
[66, 1262, 190, 1262]
[105, 752, 88, 752]
[118, 27, 105, 27]
[197, 600, 197, 608]
[227, 558, 227, 545]
[321, 1262, 446, 1262]
[337, 623, 337, 605]
[348, 427, 335, 427]
[348, 442, 340, 442]
[366, 757, 380, 756]
[388, 822, 371, 822]
[377, 720, 377, 728]
[397, 425, 397, 433]
[393, 282, 413, 282]
[394, 947, 403, 947]
[407, 435, 407, 443]
[417, 170, 417, 178]
[427, 960, 427, 968]
[435, 667, 448, 667]
[453, 1217, 445, 1217]
[463, 227, 455, 227]
[500, 436, 509, 437]
[512, 498, 511, 478]
[526, 1152, 656, 1152]
[547, 271, 547, 283]
[576, 1262, 716, 1262]
[597, 975, 597, 983]
[620, 972, 600, 972]
[632, 1014, 632, 1001]
[652, 865, 652, 873]
[662, 823, 662, 810]
[672, 343, 672, 334]
[666, 202, 690, 202]
[697, 640, 697, 648]
[708, 1217, 700, 1217]
[722, 623, 722, 605]
[834, 1262, 958, 1262]
[872, 341, 872, 373]
[908, 677, 890, 677]
[148, 617, 140, 617]
[238, 642, 230, 642]
[336, 888, 320, 887]
[334, 842, 350, 841]
[390, 1152, 415, 1153]
[477, 713, 477, 705]
[522, 405, 522, 413]
[578, 857, 570, 857]
[677, 753, 677, 745]
[711, 667, 718, 667]
[747, 305, 747, 318]
[782, 914, 782, 905]
[833, 522, 825, 522]
[919, 1222, 938, 1222]
[972, 16, 972, 9]
[322, 720, 322, 728]
[402, 871, 402, 881]
[762, 291, 762, 298]
[108, 76, 107, 59]
[118, 719, 117, 731]
[606, 1216, 591, 1215]
[675, 692, 664, 693]
[937, 453, 937, 436]
[530, 959, 548, 959]
[815, 1262, 831, 1262]
[121, 1152, 209, 1152]
[960, 1263, 974, 1262]
[848, 1222, 918, 1222]
[330, 935, 338, 949]
[839, 354, 840, 341]
[890, 432, 919, 433]
[850, 728, 861, 727]
[57, 545, 58, 531]
[430, 688, 448, 687]
[410, 674, 423, 674]
[620, 637, 630, 638]
[661, 497, 675, 497]
[758, 742, 768, 742]
[917, 678, 917, 663]
[987, 156, 987, 141]
[987, 676, 987, 661]
[973, 29, 972, 18]
[643, 246, 649, 237]
[393, 916, 404, 916]
[76, 1215, 66, 1215]
[29, 368, 29, 335]
[29, 495, 29, 480]
[130, 1109, 238, 1109]
[275, 1109, 303, 1109]
[345, 820, 336, 820]
[383, 1155, 371, 1155]
[371, 1154, 383, 1154]
[675, 505, 653, 505]
[735, 1203, 735, 1216]
[845, 334, 866, 334]
[868, 335, 845, 335]
[984, 963, 984, 949]
[985, 949, 985, 963]
[455, 705, 455, 715]
[74, 525, 65, 525]
[639, 713, 639, 700]
[939, 436, 939, 453]
[989, 140, 989, 156]
[118, 390, 131, 390]
[109, 60, 109, 73]
[554, 466, 554, 478]
[883, 759, 870, 759]
[648, 384, 638, 385]
