[0, 394, 40, 394]
[38, 560, 0, 560]
[30, 1014, 213, 1014]
[81, 560, 53, 560]
[36, 959, 96, 959]
[293, 668, 314, 669]
[396, 660, 378, 660]
[690, 260, 690, 278]
[729, 680, 715, 680]
[739, 745, 716, 745]
[750, 279, 750, 290]
[744, 214, 766, 213]
[769, 214, 783, 214]
[803, 745, 771, 745]
[790, 689, 790, 704]
[800, 1014, 983, 1014]
[805, 949, 818, 949]
[848, 745, 816, 745]
[803, 833, 849, 834]
[870, 536, 870, 544]
[913, 746, 871, 745]
[879, 24, 890, 24]
[909, 230, 891, 230]
[964, 909, 1005, 909]
[1020, 899, 1000, 900]
[1028, 909, 1084, 909]
[1055, 1014, 1238, 1014]
[1310, 1014, 1493, 1014]
[1355, 959, 1403, 959]
[1394, 228, 1394, 199]
[1391, 759, 1513, 759]
[1414, 519, 1478, 519]
[1416, 264, 1503, 264]
[24, 928, 24, 944]
[213, 1009, 40, 1009]
[44, 148, 44, 208]
[43, 215, 44, 238]
[125, 465, 139, 465]
[158, 560, 133, 559]
[238, 914, 195, 914]
[468, 1009, 295, 1009]
[290, 1014, 468, 1014]
[383, 914, 289, 914]
[398, 914, 390, 914]
[500, 235, 500, 248]
[723, 1009, 550, 1009]
[545, 1014, 723, 1014]
[598, 474, 588, 474]
[619, 108, 620, 130]
[674, 44, 675, 66]
[815, 465, 830, 465]
[983, 1009, 810, 1009]
[1045, 520, 1058, 520]
[1066, 850, 1103, 850]
[1238, 1009, 1065, 1009]
[1240, 509, 1239, 480]
[1493, 1009, 1320, 1009]
[1380, 93, 1380, 45]
[1380, 158, 1380, 135]
[1380, 473, 1380, 445]
[1380, 733, 1380, 700]
[1380, 798, 1380, 775]
[1389, 178, 1390, 138]
[1389, 358, 1389, 350]
[1389, 643, 1389, 570]
[1389, 883, 1389, 850]
[1414, 356, 1414, 431]
[1453, 754, 1420, 754]
[50, 510, 50, 531]
[105, 653, 105, 623]
[313, 964, 348, 964]
[424, 221, 422, 204]
[480, 1014, 488, 1014]
[620, 959, 636, 958]
[708, 470, 665, 472]
[713, 355, 699, 355]
[710, 474, 710, 483]
[769, 664, 769, 645]
[769, 685, 769, 671]
[769, 814, 778, 814]
[790, 725, 790, 738]
[790, 769, 790, 791]
[871, 481, 870, 493]
[940, 571, 940, 586]
[950, 959, 961, 959]
[972, 475, 970, 488]
[1100, 594, 1109, 594]
[1213, 383, 1228, 384]
[1508, 259, 1410, 259]
[1419, 145, 1419, 158]
[1433, 499, 1420, 499]
[1483, 754, 1475, 754]
[1499, 203, 1499, 195]
[25, 678, 38, 679]
[105, 588, 105, 580]
[110, 560, 94, 558]
[118, 959, 133, 959]
[219, 970, 219, 955]
[225, 1014, 233, 1014]
[220, 362, 238, 365]
[322, 797, 301, 794]
[419, 660, 408, 660]
[591, 959, 603, 959]
[696, 595, 685, 597]
[686, 493, 698, 494]
[713, 509, 700, 510]
[709, 590, 698, 590]
[798, 96, 805, 128]
[818, 255, 821, 270]
[831, 542, 842, 538]
[869, 546, 871, 558]
[886, 560, 906, 561]
[919, 796, 919, 808]
[934, 896, 960, 894]
[999, 98, 999, 90]
[1021, 465, 1010, 465]
[1029, 221, 1028, 246]
[1043, 664, 1035, 664]
[1048, 35, 1045, 58]
[1250, 1014, 1259, 1013]
[1324, 959, 1338, 959]
[1393, 259, 1385, 260]
[1389, 293, 1389, 280]
[1390, 685, 1389, 673]
[1419, 299, 1419, 313]
[1483, 834, 1445, 834]
[1499, 553, 1499, 540]
[1505, 1014, 1513, 1014]
[50, 536, 50, 553]
[54, 394, 79, 393]
[210, 690, 221, 690]
[393, 309, 399, 290]
[475, 484, 468, 484]
[605, 68, 605, 60]
[794, 933, 794, 948]
[965, 616, 957, 662]
[969, 528, 969, 540]
[976, 197, 991, 139]
[998, 144, 1002, 125]
[1240, 531, 1240, 511]
[1405, 244, 1413, 244]
[1419, 170, 1419, 183]
[1419, 550, 1419, 658]
[1509, 239, 1488, 239]
[123, 389, 115, 389]
[458, 776, 446, 775]
[471, 590, 464, 606]
[534, 710, 534, 701]
[539, 930, 539, 946]
[633, 226, 635, 243]
[650, 954, 678, 954]
[745, 327, 747, 343]
[886, 781, 875, 820]
[957, 646, 961, 617]
[1041, 58, 1044, 35]
[1054, 895, 1068, 891]
[1098, 911, 1051, 913]
[1180, 337, 1152, 342]
[1234, 535, 1220, 533]
[1478, 579, 1455, 579]
[46, 113, 44, 126]
[104, 484, 123, 484]
[576, 558, 601, 572]
[583, 694, 570, 696]
[605, 534, 618, 531]
[613, 162, 610, 179]
[991, 178, 996, 157]
[1104, 849, 1146, 839]
[1160, 705, 1147, 706]
[1244, 961, 1244, 945]
[1260, 10, 1260, 21]
[1283, 921, 1240, 923]
[1403, 494, 1390, 494]
[1499, 808, 1499, 795]
[113, 267, 104, 265]
[256, 661, 243, 656]
[615, 415, 590, 410]
[1041, 192, 1029, 220]
[1058, 599, 1061, 570]
[1064, 576, 1061, 595]
[1361, 400, 1375, 396]
[612, 145, 615, 135]
[798, 491, 771, 478]
[863, 499, 850, 498]
[894, 760, 910, 760]
[932, 866, 957, 871]
[489, 784, 463, 780]
[903, 667, 883, 665]
[1049, 664, 1047, 645]
[1109, 904, 1163, 892]
[278, 921, 259, 920]
[308, 640, 297, 638]
[668, 707, 654, 653]
[930, 718, 940, 689]
[1163, 576, 1114, 594]
[406, 845, 404, 855]
[760, 275, 813, 272]
[994, 121, 998, 98]
[999, 158, 995, 179]
[1005, 123, 1002, 144]
[1175, 891, 1110, 907]
[1178, 533, 1148, 530]
[201, 623, 190, 660]
[717, 501, 705, 498]
[905, 229, 914, 229]
[1229, 886, 1209, 832]
[13, 237, 4, 235]
[129, 394, 128, 384]
[565, 759, 583, 753]
[590, 407, 618, 412]
[1114, 595, 1101, 598]
[38, 604, 40, 563]
[38, 641, 39, 605]
[138, 484, 158, 484]
[158, 595, 140, 595]
[214, 570, 218, 558]
[245, 771, 258, 776]
[414, 851, 414, 840]
[450, 822, 428, 895]
[500, 469, 513, 469]
[535, 278, 533, 259]
[614, 316, 613, 293]
[653, 189, 671, 189]
[675, 85, 680, 119]
[686, 186, 738, 182]
[735, 185, 685, 189]
[763, 795, 749, 795]
[769, 738, 770, 688]
[774, 392, 804, 395]
[808, 499, 828, 499]
[875, 404, 870, 418]
[899, 526, 899, 505]
[900, 436, 900, 494]
[959, 495, 944, 495]
[1009, 563, 1009, 538]
[1059, 539, 1058, 525]
[1064, 560, 1061, 540]
[1053, 634, 1076, 634]
[1093, 959, 1146, 959]
[1161, 959, 1228, 959]
[1259, 35, 1259, 23]
[1394, 410, 1394, 373]
[1393, 504, 1421, 504]
[1428, 9, 1500, 9]
[50, 185, 51, 154]
[50, 395, 50, 369]
[105, 507, 55, 510]
[170, 684, 146, 693]
[197, 487, 200, 478]
[423, 609, 425, 597]
[634, 249, 654, 249]
[696, 279, 718, 279]
[770, 175, 746, 182]
[844, 575, 844, 558]
[1225, 442, 1223, 428]
[1389, 845, 1389, 826]
[1418, 959, 1438, 959]
[1499, 38, 1499, 28]
[114, 390, 57, 398]
[144, 689, 177, 679]
[633, 657, 610, 661]
[688, 761, 689, 746]
[802, 129, 794, 90]
[809, 168, 804, 146]
[861, 833, 880, 834]
[954, 873, 932, 869]
[1009, 500, 1009, 489]
[93, 262, 74, 258]
[181, 678, 184, 666]
[636, 733, 657, 727]
[674, 100, 673, 88]
[720, 589, 732, 632]
[745, 179, 767, 173]
[790, 519, 795, 555]
[831, 795, 790, 795]
[798, 275, 751, 278]
[827, 274, 816, 276]
[917, 844, 881, 855]
[941, 344, 925, 347]
[942, 692, 934, 718]
[999, 90, 1007, 50]
[1008, 341, 1003, 317]
[1020, 305, 1006, 311]
[1142, 468, 1144, 450]
[486, 745, 511, 744]
[606, 345, 603, 360]
[695, 702, 743, 687]
[766, 618, 752, 580]
[898, 615, 900, 591]
[942, 526, 939, 539]
[986, 913, 941, 909]
[966, 488, 969, 473]
[1005, 583, 1017, 605]
[1084, 851, 1055, 856]
[296, 553, 320, 566]
[318, 675, 315, 693]
[363, 591, 345, 586]
[468, 778, 490, 782]
[635, 254, 635, 274]
[739, 691, 685, 708]
[939, 525, 940, 510]
[954, 650, 935, 655]
[993, 431, 979, 429]
[1317, 237, 1296, 244]
[1433, 504, 1511, 504]
[410, 215, 412, 222]
[729, 500, 735, 475]
[796, 589, 774, 584]
[959, 737, 944, 734]
[385, 582, 407, 593]
[424, 204, 428, 222]
[686, 623, 669, 626]
[1053, 922, 1028, 920]
[1317, 735, 1310, 764]
[779, 254, 778, 240]
[886, 662, 924, 668]
[942, 686, 973, 698]
[997, 122, 983, 185]
[44, 381, 44, 394]
[333, 553, 353, 563]
[355, 205, 364, 233]
[637, 826, 619, 823]
[850, 369, 840, 369]
[181, 688, 174, 710]
[228, 250, 243, 250]
[1129, 554, 1164, 561]
[484, 564, 499, 562]
[480, 404, 506, 409]
[514, 670, 520, 657]
[570, 803, 567, 790]
[600, 783, 593, 765]
[651, 634, 643, 618]
[726, 445, 709, 434]
[775, 240, 760, 240]
[790, 59, 794, 76]
[425, 894, 448, 820]
[637, 632, 641, 648]
[693, 558, 680, 561]
[791, 543, 787, 519]
[79, 393, 123, 386]
[152, 321, 150, 330]
[259, 514, 271, 519]
[723, 610, 717, 590]
[791, 75, 787, 62]
[883, 851, 917, 841]
[940, 905, 963, 908]
[55, 507, 108, 503]
[818, 794, 836, 794]
[1081, 606, 1081, 633]
[763, 598, 767, 615]
[805, 134, 811, 168]
[313, 587, 330, 595]
[1229, 446, 1243, 483]
[172, 709, 178, 685]
[649, 679, 639, 700]
[698, 498, 676, 493]
[750, 543, 738, 545]
[980, 833, 946, 835]
[1009, 53, 997, 121]
[1133, 298, 1150, 293]
[1324, 234, 1335, 231]
[507, 412, 475, 405]
[986, 203, 991, 193]
[993, 428, 1014, 432]
[1062, 609, 1059, 600]
[1060, 525, 1067, 560]
[138, 277, 129, 274]
[166, 594, 201, 607]
[195, 359, 209, 358]
[242, 483, 253, 449]
[315, 705, 312, 685]
[719, 317, 694, 319]
[50, 216, 51, 188]
[109, 504, 124, 506]
[160, 483, 160, 469]
[160, 521, 160, 486]
[160, 553, 160, 536]
[161, 588, 159, 565]
[160, 621, 160, 600]
[160, 676, 160, 660]
[170, 100, 181, 100]
[212, 666, 209, 674]
[500, 269, 534, 279]
[517, 428, 555, 441]
[534, 238, 535, 251]
[583, 819, 565, 819]
[631, 784, 606, 784]
[638, 320, 653, 320]
[673, 519, 665, 522]
[688, 929, 645, 929]
[774, 685, 783, 685]
[771, 891, 814, 889]
[790, 671, 787, 645]
[815, 685, 828, 685]
[855, 685, 918, 685]
[873, 741, 888, 741]
[968, 789, 923, 789]
[1143, 431, 1158, 429]
[1256, 929, 1215, 929]
[1508, 514, 1411, 514]
[248, 312, 239, 310]
[468, 296, 459, 293]
[1160, 563, 1141, 559]
[264, 781, 245, 775]
[441, 794, 455, 797]
[555, 606, 579, 617]
[683, 615, 679, 601]
[695, 549, 695, 538]
[903, 496, 939, 495]
[1279, 735, 1280, 721]
[415, 229, 417, 243]
[536, 285, 534, 294]
[560, 397, 519, 383]
[585, 755, 565, 762]
[679, 571, 680, 584]
[684, 710, 683, 721]
[978, 929, 955, 929]
[1049, 414, 1044, 397]
[1174, 540, 1163, 575]
[187, 658, 199, 621]
[508, 570, 491, 611]
[543, 620, 519, 610]
[548, 673, 526, 661]
[615, 658, 633, 655]
[645, 660, 650, 678]
[740, 708, 740, 694]
[995, 24, 1008, 22]
[1011, 435, 994, 431]
[313, 685, 316, 674]
[521, 565, 515, 580]
[660, 121, 673, 119]
[1238, 479, 1226, 444]
[208, 757, 193, 750]
[442, 95, 419, 107]
[958, 854, 983, 845]
[1294, 243, 1306, 236]
[1306, 765, 1313, 743]
[1337, 133, 1330, 153]
[248, 342, 241, 368]
[255, 450, 245, 484]
[668, 225, 650, 223]
[747, 412, 767, 406]
[999, 900, 978, 896]
[1312, 425, 1308, 440]
[465, 825, 453, 821]
[474, 806, 465, 840]
[756, 579, 760, 595]
[1323, 166, 1319, 178]
[511, 773, 532, 768]
[562, 449, 536, 436]
[767, 408, 753, 414]
[769, 311, 784, 309]
[931, 615, 901, 612]
[894, 360, 931, 342]
[1140, 582, 1159, 575]
[276, 738, 272, 721]
[509, 777, 490, 783]
[574, 423, 581, 441]
[891, 23, 912, 39]
[912, 764, 895, 762]
[923, 670, 904, 667]
[993, 874, 972, 871]
[1212, 831, 1228, 875]
[1368, 50, 1362, 66]
[1518, 259, 1510, 262]
[271, 521, 258, 517]
[329, 597, 313, 591]
[565, 427, 573, 454]
[619, 625, 593, 610]
[724, 277, 749, 275]
[216, 481, 227, 485]
[232, 767, 213, 759]
[545, 621, 558, 625]
[683, 841, 653, 831]
[711, 631, 698, 596]
[735, 545, 733, 574]
[1024, 76, 1035, 71]
[176, 509, 164, 508]
[334, 798, 350, 802]
[524, 708, 495, 716]
[879, 800, 883, 781]
[226, 544, 255, 554]
[395, 877, 400, 898]
[591, 612, 584, 626]
[664, 284, 638, 284]
[927, 911, 939, 906]
[982, 848, 965, 855]
[277, 377, 285, 357]
[403, 291, 396, 309]
[461, 786, 459, 798]
[494, 258, 494, 274]
[716, 554, 714, 569]
[619, 533, 606, 537]
[738, 663, 736, 645]
[1336, 234, 1319, 238]
[239, 364, 247, 339]
[456, 805, 452, 820]
[474, 480, 479, 470]
[765, 892, 739, 877]
[176, 431, 173, 443]
[397, 535, 393, 543]
[512, 578, 519, 563]
[636, 707, 623, 733]
[717, 651, 711, 633]
[869, 311, 845, 326]
[872, 891, 885, 884]
[1049, 860, 1035, 863]
[96, 556, 118, 556]
[188, 665, 184, 679]
[316, 694, 321, 718]
[578, 542, 558, 531]
[647, 679, 642, 660]
[883, 610, 851, 606]
[1120, 434, 1122, 443]
[738, 475, 731, 500]
[854, 342, 884, 336]
[1292, 449, 1293, 429]
[446, 266, 415, 267]
[1025, 243, 1027, 214]
[1085, 587, 1099, 594]
[226, 301, 234, 303]
[819, 232, 830, 231]
[1026, 896, 1046, 896]
[1216, 229, 1226, 248]
[41, 238, 41, 216]
[74, 255, 95, 258]
[130, 270, 139, 273]
[238, 368, 218, 366]
[286, 764, 295, 752]
[295, 1006, 320, 1007]
[351, 254, 319, 237]
[411, 253, 412, 230]
[418, 922, 406, 921]
[497, 643, 511, 650]
[496, 918, 558, 917]
[543, 331, 530, 326]
[606, 655, 595, 650]
[683, 730, 680, 721]
[561, 1006, 716, 1006]
[771, 639, 767, 620]
[941, 908, 930, 913]
[834, 1006, 973, 1006]
[1058, 523, 1046, 523]
[1138, 528, 1126, 524]
[1239, 921, 1215, 922]
[6, 231, 14, 233]
[28, 497, 0, 496]
[40, 1006, 190, 1006]
[55, 556, 80, 556]
[146, 328, 148, 320]
[216, 643, 219, 634]
[240, 305, 248, 309]
[345, 669, 320, 672]
[386, 587, 379, 599]
[488, 610, 502, 580]
[533, 770, 515, 775]
[701, 595, 706, 610]
[570, 918, 828, 918]
[900, 810, 889, 810]
[937, 386, 934, 374]
[945, 730, 959, 732]
[1085, 909, 1098, 906]
[1107, 420, 1106, 410]
[1150, 527, 1174, 528]
[1342, 111, 1353, 79]
[1320, 1006, 1470, 1006]
[1418, 650, 1417, 555]
[0, 556, 40, 556]
[0, 918, 183, 917]
[21, 939, 22, 929]
[208, 361, 199, 361]
[193, 1007, 213, 1006]
[220, 559, 217, 574]
[180, 911, 229, 911]
[229, 911, 246, 911]
[270, 563, 296, 578]
[298, 636, 314, 636]
[380, 804, 384, 795]
[420, 145, 435, 179]
[439, 917, 494, 918]
[491, 713, 505, 688]
[490, 781, 506, 775]
[496, 253, 496, 231]
[558, 921, 465, 922]
[616, 128, 616, 110]
[632, 244, 630, 228]
[687, 279, 686, 260]
[688, 300, 688, 284]
[685, 593, 695, 591]
[720, 741, 738, 741]
[819, 922, 741, 921]
[775, 741, 783, 741]
[786, 683, 789, 672]
[792, 656, 791, 684]
[792, 944, 791, 934]
[816, 741, 828, 741]
[820, 56, 821, 45]
[873, 922, 836, 921]
[840, 918, 1018, 918]
[891, 226, 903, 226]
[931, 746, 915, 746]
[936, 583, 937, 569]
[993, 196, 990, 205]
[1020, 921, 990, 922]
[1040, 859, 1048, 856]
[1054, 853, 1065, 850]
[1110, 852, 1085, 853]
[1028, 918, 1233, 918]
[1216, 1007, 1238, 1006]
[1238, 918, 1280, 918]
[1276, 391, 1297, 393]
[1283, 918, 1378, 917]
[1318, 922, 1285, 921]
[1355, 80, 1344, 112]
[1381, 134, 1381, 110]
[1473, 1007, 1493, 1006]
[41, 683, 23, 681]
[41, 581, 41, 643]
[111, 450, 111, 463]
[205, 673, 209, 664]
[226, 526, 196, 515]
[299, 433, 283, 462]
[540, 633, 560, 643]
[548, 598, 545, 587]
[569, 447, 562, 429]
[570, 701, 599, 717]
[641, 522, 653, 521]
[671, 0, 673, 16]
[706, 483, 706, 475]
[700, 352, 718, 351]
[740, 922, 730, 922]
[791, 645, 791, 655]
[954, 463, 984, 462]
[1009, 896, 1021, 896]
[1038, 563, 1023, 564]
[1243, 483, 1243, 531]
[1359, 64, 1364, 49]
[1370, 33, 1373, 25]
[108, 620, 108, 653]
[141, 468, 125, 468]
[133, 556, 154, 556]
[222, 643, 236, 649]
[236, 503, 238, 489]
[268, 918, 286, 918]
[294, 579, 283, 575]
[320, 911, 345, 911]
[323, 1006, 468, 1006]
[329, 668, 339, 668]
[344, 768, 384, 787]
[379, 911, 398, 911]
[409, 225, 406, 216]
[493, 566, 484, 566]
[503, 647, 493, 646]
[573, 616, 551, 611]
[583, 922, 568, 920]
[602, 18, 601, 5]
[588, 443, 603, 423]
[607, 179, 608, 167]
[671, 59, 671, 45]
[669, 679, 684, 674]
[746, 288, 746, 280]
[783, 237, 781, 250]
[786, 738, 787, 723]
[830, 468, 815, 468]
[835, 645, 865, 659]
[866, 550, 866, 535]
[964, 466, 955, 466]
[990, 897, 1008, 897]
[1003, 355, 1022, 366]
[1046, 13, 1047, 0]
[1058, 897, 1033, 899]
[1101, 597, 1084, 590]
[1090, 1006, 1214, 1006]
[1126, 522, 1138, 524]
[1228, 387, 1212, 386]
[1220, 530, 1235, 532]
[1295, 397, 1280, 395]
[1383, 45, 1383, 93]
[1383, 123, 1383, 158]
[1383, 445, 1383, 473]
[1383, 700, 1383, 733]
[1383, 775, 1383, 798]
[1440, 751, 1453, 751]
[35, 496, 28, 496]
[41, 208, 42, 158]
[48, 548, 48, 526]
[90, 962, 38, 961]
[203, 611, 168, 597]
[235, 650, 218, 645]
[247, 590, 239, 602]
[443, 392, 433, 390]
[488, 655, 511, 669]
[570, 693, 583, 691]
[603, 963, 590, 960]
[638, 660, 622, 689]
[650, 624, 655, 647]
[696, 507, 713, 506]
[738, 507, 731, 506]
[802, 618, 793, 616]
[795, 741, 803, 741]
[846, 351, 836, 351]
[858, 467, 850, 466]
[880, 836, 858, 836]
[915, 740, 932, 743]
[991, 138, 994, 123]
[1104, 314, 1118, 307]
[1148, 703, 1157, 702]
[1316, 177, 1321, 164]
[1380, 920, 1370, 921]
[1392, 141, 1392, 180]
[1391, 833, 1391, 868]
[1385, 256, 1411, 258]
[1411, 395, 1413, 356]
[1411, 678, 1413, 668]
[1416, 158, 1416, 145]
[1413, 256, 1516, 256]
[1416, 313, 1417, 299]
[1420, 496, 1433, 496]
[53, 158, 52, 193]
[190, 511, 229, 524]
[220, 693, 210, 693]
[318, 790, 332, 770]
[309, 229, 357, 253]
[375, 653, 397, 616]
[451, 559, 434, 590]
[453, 432, 449, 439]
[490, 285, 493, 261]
[520, 380, 561, 394]
[629, 757, 641, 753]
[658, 730, 636, 736]
[691, 740, 691, 764]
[694, 688, 714, 677]
[721, 281, 724, 328]
[743, 346, 742, 335]
[824, 343, 801, 353]
[812, 251, 813, 240]
[799, 351, 822, 341]
[849, 837, 806, 836]
[828, 236, 820, 236]
[835, 741, 843, 741]
[865, 423, 860, 436]
[898, 494, 898, 465]
[933, 652, 955, 647]
[1120, 715, 1121, 705]
[1125, 694, 1128, 705]
[1147, 342, 1171, 335]
[1299, 749, 1308, 734]
[1392, 570, 1392, 643]
[1392, 869, 1392, 883]
[23, 922, 0, 922]
[43, 396, 16, 397]
[244, 719, 231, 688]
[253, 556, 226, 546]
[315, 624, 331, 633]
[353, 423, 344, 421]
[368, 488, 381, 466]
[537, 944, 536, 933]
[533, 324, 544, 329]
[537, 743, 554, 751]
[557, 628, 544, 623]
[568, 680, 562, 695]
[619, 135, 616, 145]
[636, 960, 620, 963]
[699, 688, 693, 699]
[742, 673, 730, 681]
[772, 645, 772, 684]
[810, 1006, 831, 1007]
[969, 426, 951, 426]
[1012, 566, 1000, 570]
[1010, 306, 1023, 302]
[1087, 268, 1104, 260]
[1285, 852, 1296, 829]
[1306, 237, 1319, 235]
[1496, 267, 1424, 266]
[41, 123, 43, 114]
[44, 666, 62, 689]
[133, 962, 123, 961]
[154, 486, 138, 486]
[145, 593, 158, 593]
[161, 626, 153, 626]
[188, 747, 161, 733]
[168, 733, 189, 744]
[165, 341, 183, 349]
[196, 748, 209, 754]
[198, 493, 231, 505]
[238, 597, 244, 585]
[275, 541, 294, 552]
[356, 44, 293, 84]
[399, 615, 392, 631]
[430, 174, 405, 117]
[416, 839, 416, 853]
[415, 262, 430, 262]
[445, 763, 468, 722]
[514, 471, 500, 471]
[530, 573, 538, 557]
[536, 258, 537, 278]
[616, 301, 617, 316]
[673, 191, 651, 192]
[678, 595, 677, 576]
[691, 698, 695, 689]
[743, 792, 764, 793]
[772, 695, 771, 738]
[800, 397, 784, 396]
[799, 311, 790, 311]
[819, 501, 808, 501]
[795, 639, 828, 654]
[839, 325, 867, 309]
[846, 540, 846, 574]
[898, 461, 898, 434]
[901, 499, 901, 535]
[963, 895, 949, 898]
[949, 493, 963, 493]
[1008, 911, 988, 911]
[1011, 536, 1011, 561]
[1025, 369, 1036, 375]
[1036, 464, 1048, 456]
[1079, 636, 1058, 636]
[1130, 961, 1100, 961]
[1148, 840, 1160, 834]
[1228, 961, 1178, 961]
[1272, 257, 1198, 295]
[1261, 24, 1262, 38]
[1350, 588, 1316, 640]
[1396, 376, 1396, 404]
[1406, 506, 1393, 506]
[1419, 761, 1405, 761]
[1478, 522, 1414, 522]
[1501, 762, 1438, 761]
[1500, 11, 1484, 12]
[1501, 539, 1502, 553]
[1514, 761, 1502, 762]
[174, 487, 164, 486]
[183, 353, 173, 349]
[290, 912, 319, 912]
[319, 455, 323, 445]
[348, 967, 329, 966]
[415, 625, 409, 634]
[435, 282, 445, 283]
[513, 747, 486, 747]
[654, 829, 684, 838]
[678, 957, 658, 955]
[681, 600, 687, 621]
[740, 423, 748, 423]
[768, 216, 744, 218]
[793, 611, 806, 618]
[817, 268, 816, 255]
[886, 361, 887, 375]
[931, 343, 940, 342]
[1011, 667, 992, 679]
[1160, 290, 1147, 297]
[1151, 389, 1163, 383]
[1247, 945, 1246, 954]
[1328, 147, 1334, 135]
[1396, 961, 1371, 962]
[1391, 520, 1391, 538]
[1420, 752, 1439, 752]
[1503, 195, 1500, 206]
[1486, 238, 1505, 236]
[233, 687, 246, 682]
[291, 675, 292, 689]
[327, 967, 313, 966]
[351, 585, 363, 588]
[414, 223, 423, 223]
[432, 700, 424, 718]
[434, 812, 446, 816]
[470, 724, 447, 765]
[481, 470, 476, 484]
[518, 673, 539, 684]
[560, 256, 563, 283]
[656, 220, 671, 222]
[651, 603, 670, 568]
[703, 281, 695, 282]
[788, 790, 786, 774]
[787, 153, 799, 133]
[821, 556, 828, 579]
[872, 819, 876, 804]
[871, 587, 909, 588]
[926, 867, 915, 866]
[966, 758, 989, 757]
[1011, 483, 1011, 523]
[1011, 758, 1020, 758]
[1073, 1007, 1089, 1007]
[1110, 594, 1136, 582]
[1302, 751, 1301, 760]
[1318, 723, 1323, 713]
[1396, 199, 1397, 228]
[1514, 505, 1498, 506]
[1501, 30, 1502, 38]
[1501, 798, 1502, 808]
[123, 486, 105, 487]
[209, 693, 202, 690]
[223, 617, 204, 611]
[240, 920, 230, 922]
[317, 130, 355, 205]
[398, 902, 395, 890]
[425, 600, 466, 527]
[469, 764, 466, 775]
[559, 765, 541, 767]
[581, 817, 593, 818]
[597, 770, 604, 781]
[602, 355, 603, 343]
[683, 249, 673, 243]
[699, 459, 705, 438]
[707, 439, 701, 462]
[723, 962, 710, 960]
[729, 630, 724, 612]
[775, 793, 786, 792]
[859, 868, 832, 878]
[883, 421, 874, 421]
[942, 495, 941, 524]
[964, 697, 946, 690]
[1014, 607, 1002, 584]
[1018, 12, 1015, 26]
[1013, 563, 1023, 563]
[1037, 73, 1026, 78]
[1045, 242, 1056, 243]
[1102, 391, 1108, 403]
[1126, 845, 1111, 850]
[1130, 408, 1142, 430]
[1144, 296, 1135, 303]
[1277, 681, 1273, 688]
[1324, 715, 1320, 728]
[1369, 961, 1355, 962]
[1438, 961, 1418, 960]
[59, 690, 40, 665]
[222, 488, 214, 484]
[280, 739, 335, 764]
[378, 625, 366, 621]
[388, 513, 367, 549]
[446, 819, 431, 814]
[430, 812, 437, 789]
[460, 290, 470, 292]
[466, 767, 468, 755]
[470, 519, 481, 499]
[695, 533, 703, 516]
[786, 217, 769, 216]
[787, 830, 787, 820]
[847, 528, 847, 540]
[1006, 316, 1008, 330]
[1147, 446, 1146, 455]
[1258, 20, 1257, 10]
[1318, 632, 1343, 593]
[175, 466, 182, 468]
[278, 388, 267, 382]
[305, 484, 301, 496]
[343, 467, 354, 446]
[500, 712, 520, 707]
[532, 631, 512, 621]
[529, 440, 518, 466]
[558, 255, 556, 231]
[603, 822, 595, 821]
[606, 682, 615, 688]
[619, 821, 638, 823]
[683, 193, 687, 201]
[714, 680, 700, 688]
[780, 582, 793, 586]
[855, 445, 851, 457]
[865, 420, 871, 407]
[968, 596, 954, 593]
[1021, 369, 1003, 358]
[1049, 460, 1039, 465]
[1046, 394, 1050, 409]
[1062, 596, 1063, 605]
[1139, 328, 1129, 308]
[1266, 465, 1253, 448]
[130, 523, 129, 494]
[184, 227, 210, 250]
[223, 955, 221, 970]
[295, 331, 292, 343]
[301, 577, 307, 566]
[298, 613, 312, 589]
[356, 213, 321, 145]
[354, 566, 369, 571]
[636, 340, 637, 330]
[623, 479, 650, 492]
[726, 335, 727, 347]
[774, 169, 785, 159]
[788, 160, 775, 173]
[819, 901, 811, 890]
[854, 246, 866, 252]
[948, 762, 932, 746]
[937, 746, 951, 760]
[1198, 292, 1268, 256]
[50, 101, 70, 77]
[184, 395, 194, 364]
[190, 531, 223, 542]
[285, 363, 279, 379]
[291, 633, 281, 650]
[292, 689, 295, 704]
[300, 390, 309, 395]
[364, 548, 385, 512]
[419, 578, 454, 517]
[547, 603, 529, 595]
[801, 298, 805, 320]
[965, 704, 955, 719]
[983, 427, 990, 428]
[1009, 461, 1021, 462]
[1119, 310, 1105, 318]
[1129, 824, 1114, 827]
[1411, 749, 1395, 749]
[105, 261, 114, 264]
[137, 191, 68, 134]
[183, 665, 170, 661]
[310, 567, 298, 584]
[343, 582, 314, 566]
[347, 501, 341, 511]
[403, 276, 389, 270]
[486, 496, 478, 511]
[567, 572, 572, 563]
[791, 793, 811, 794]
[846, 463, 853, 443]
[887, 887, 874, 893]
[1118, 467, 1114, 474]
[1441, 548, 1449, 563]
[166, 657, 183, 663]
[206, 609, 220, 613]
[216, 756, 240, 768]
[241, 256, 247, 266]
[355, 571, 351, 579]
[406, 633, 412, 624]
[445, 47, 477, 104]
[695, 414, 714, 418]
[786, 289, 788, 308]
[845, 521, 847, 470]
[857, 437, 864, 420]
[950, 833, 968, 832]
[1405, 762, 1393, 762]
[465, 341, 464, 329]
[679, 511, 653, 497]
[787, 705, 787, 690]
[1309, 738, 1302, 751]
[1392, 275, 1392, 295]
[263, 680, 273, 714]
[270, 911, 290, 911]
[324, 566, 329, 557]
[463, 600, 468, 589]
[639, 649, 635, 633]
[635, 536, 664, 553]
[754, 378, 767, 390]
[826, 582, 819, 556]
[847, 246, 842, 235]
[963, 615, 970, 599]
[1280, 698, 1318, 633]
[1326, 200, 1315, 196]
[107, 463, 107, 448]
[386, 207, 373, 196]
[556, 196, 557, 206]
[580, 712, 563, 700]
[595, 608, 621, 622]
[623, 511, 636, 518]
[677, 112, 673, 103]
[669, 624, 683, 621]
[696, 317, 718, 315]
[723, 333, 721, 319]
[764, 648, 744, 668]
[816, 523, 794, 515]
[839, 230, 812, 175]
[868, 762, 884, 763]
[948, 898, 930, 897]
[1067, 444, 1091, 429]
[1089, 349, 1110, 339]
[1228, 876, 1235, 899]
[162, 732, 142, 720]
[326, 449, 316, 466]
[359, 227, 356, 214]
[420, 136, 474, 110]
[488, 488, 495, 474]
[560, 529, 580, 540]
[595, 646, 608, 653]
[607, 425, 583, 450]
[672, 571, 654, 604]
[828, 657, 794, 641]
[1160, 432, 1146, 433]
[9, 82, 41, 110]
[71, 132, 150, 198]
[228, 507, 183, 490]
[253, 278, 240, 262]
[338, 203, 317, 180]
[473, 710, 461, 704]
[620, 686, 636, 659]
[843, 349, 854, 343]
[931, 722, 919, 730]
[940, 494, 941, 470]
[1028, 214, 1045, 178]
[1166, 385, 1153, 392]
[1307, 894, 1282, 914]
[1294, 265, 1309, 256]
[207, 252, 183, 231]
[275, 721, 279, 738]
[298, 104, 272, 72]
[329, 636, 314, 627]
[364, 238, 363, 254]
[353, 458, 368, 468]
[401, 518, 410, 506]
[497, 476, 490, 490]
[623, 725, 634, 705]
[648, 494, 624, 481]
[674, 707, 686, 706]
[917, 728, 929, 719]
[928, 273, 948, 256]
[973, 595, 991, 571]
[987, 678, 1008, 665]
[1045, 293, 1025, 303]
[1094, 430, 1069, 447]
[1162, 837, 1140, 844]
[1280, 912, 1303, 894]
[180, 914, 168, 902]
[251, 632, 234, 622]
[294, 556, 282, 548]
[320, 178, 340, 201]
[366, 613, 374, 602]
[375, 606, 369, 614]
[372, 684, 373, 660]
[408, 421, 398, 440]
[445, 438, 452, 429]
[538, 687, 519, 677]
[525, 658, 549, 671]
[678, 365, 629, 407]
[643, 755, 631, 759]
[764, 391, 750, 379]
[1052, 453, 1046, 427]
[1052, 278, 1068, 257]
[1120, 558, 1095, 553]
[1316, 641, 1281, 701]
[215, 305, 205, 336]
[263, 318, 254, 312]
[258, 775, 266, 779]
[286, 603, 296, 586]
[305, 561, 294, 556]
[430, 514, 399, 564]
[443, 619, 434, 634]
[490, 852, 505, 840]
[583, 605, 563, 594]
[579, 638, 591, 644]
[657, 496, 681, 509]
[666, 690, 671, 706]
[708, 407, 723, 408]
[848, 578, 828, 584]
[1078, 583, 1068, 575]
[1114, 746, 1115, 728]
[141, 8, 85, 78]
[144, 719, 163, 729]
[240, 650, 251, 657]
[396, 569, 390, 579]
[435, 502, 444, 507]
[459, 508, 471, 488]
[492, 99, 468, 116]
[628, 404, 645, 389]
[636, 698, 646, 680]
[661, 467, 668, 453]
[952, 716, 964, 702]
[989, 578, 969, 608]
[1070, 572, 1079, 580]
[1149, 293, 1158, 285]
[1224, 249, 1214, 231]
[61, 104, 139, 6]
[131, 535, 132, 553]
[299, 585, 288, 605]
[318, 400, 324, 404]
[337, 598, 345, 604]
[396, 563, 427, 512]
[471, 492, 460, 511]
[493, 281, 510, 287]
[520, 606, 539, 617]
[522, 656, 529, 642]
[579, 442, 571, 425]
[602, 577, 579, 563]
[815, 889, 821, 898]
[945, 447, 923, 446]
[1125, 300, 1106, 265]
[266, 644, 259, 656]
[258, 660, 269, 668]
[348, 912, 378, 912]
[387, 638, 380, 651]
[399, 770, 388, 791]
[588, 646, 578, 640]
[613, 83, 619, 91]
[619, 482, 606, 506]
[670, 456, 667, 463]
[716, 639, 719, 649]
[744, 242, 725, 244]
[1112, 341, 1090, 352]
[132, 485, 132, 504]
[313, 593, 299, 615]
[296, 321, 312, 328]
[507, 690, 496, 708]
[803, 323, 800, 313]
[995, 365, 961, 345]
[1034, 470, 1026, 476]
[1133, 309, 1139, 321]
[1368, 919, 1321, 919]
[1418, 767, 1516, 767]
[202, 689, 202, 679]
[235, 695, 247, 718]
[270, 595, 280, 578]
[402, 855, 402, 838]
[613, 690, 602, 685]
[610, 579, 634, 593]
[1070, 259, 1055, 279]
[233, 619, 247, 627]
[332, 766, 304, 753]
[457, 606, 450, 599]
[508, 842, 492, 854]
[549, 752, 521, 736]
[559, 646, 539, 635]
[565, 592, 585, 603]
[751, 901, 758, 905]
[815, 174, 841, 228]
[900, 32, 884, 26]
[967, 881, 953, 873]
[1135, 581, 1138, 564]
[1147, 320, 1184, 300]
[1344, 593, 1357, 578]
[1412, 409, 1412, 396]
[160, 206, 167, 213]
[349, 643, 365, 618]
[952, 257, 929, 277]
[1087, 732, 1063, 755]
[1106, 260, 1127, 298]
[1143, 436, 1128, 411]
[9, 397, 0, 397]
[158, 224, 150, 210]
[300, 536, 284, 527]
[367, 423, 381, 398]
[384, 789, 340, 769]
[598, 720, 580, 711]
[616, 284, 633, 284]
[785, 396, 771, 409]
[972, 884, 963, 896]
[960, 893, 967, 887]
[1023, 648, 1033, 642]
[955, 590, 969, 593]
[1383, 300, 1383, 323]
[605, 502, 617, 479]
[786, 1011, 792, 1005]
[282, 580, 272, 598]
[314, 125, 299, 104]
[455, 520, 422, 577]
[514, 619, 535, 629]
[571, 558, 561, 551]
[710, 432, 728, 444]
[995, 568, 1008, 564]
[1023, 475, 1034, 467]
[1138, 185, 1177, 165]
[256, 656, 263, 643]
[318, 548, 308, 541]
[403, 595, 389, 587]
[468, 528, 452, 557]
[511, 672, 490, 660]
[677, 556, 689, 533]
[690, 536, 682, 553]
[925, 348, 899, 361]
[931, 371, 916, 374]
[158, 534, 133, 534]
[365, 623, 350, 646]
[475, 300, 467, 321]
[603, 718, 617, 692]
[741, 875, 766, 889]
[239, 656, 233, 669]
[298, 753, 289, 766]
[339, 478, 332, 489]
[520, 723, 529, 712]
[617, 698, 605, 719]
[630, 594, 608, 580]
[663, 556, 634, 538]
[964, 343, 997, 364]
[1058, 568, 1047, 562]
[183, 100, 193, 101]
[388, 791, 384, 802]
[575, 397, 598, 362]
[706, 613, 720, 609]
[765, 239, 778, 239]
[832, 425, 818, 404]
[1078, 633, 1080, 619]
[277, 647, 269, 643]
[329, 526, 337, 512]
[372, 724, 345, 758]
[398, 951, 385, 963]
[685, 677, 666, 683]
[696, 589, 696, 560]
[703, 521, 697, 535]
[308, 110, 317, 125]
[301, 792, 318, 792]
[776, 476, 806, 495]
[1059, 282, 1071, 277]
[591, 545, 613, 557]
[819, 400, 834, 423]
[955, 870, 972, 882]
[191, 389, 204, 393]
[349, 804, 333, 800]
[42, 393, 42, 379]
[339, 513, 331, 529]
[514, 468, 527, 438]
[524, 834, 513, 841]
[523, 698, 516, 692]
[874, 339, 850, 347]
[964, 450, 951, 450]
[37, 110, 13, 89]
[47, 506, 48, 494]
[382, 401, 369, 424]
[467, 116, 420, 139]
[601, 363, 579, 395]
[1023, 301, 1046, 289]
[1186, 302, 1146, 324]
[162, 283, 162, 271]
[288, 526, 302, 534]
[753, 539, 753, 573]
[806, 321, 816, 322]
[72, 78, 50, 105]
[419, 726, 404, 759]
[540, 462, 529, 478]
[668, 386, 682, 381]
[881, 267, 895, 282]
[1024, 619, 1042, 640]
[1092, 236, 1074, 254]
[1297, 829, 1312, 815]
[271, 715, 260, 680]
[376, 660, 374, 684]
[414, 6, 414, 26]
[636, 414, 597, 452]
[1006, 303, 1016, 288]
[1165, 560, 1172, 539]
[1317, 512, 1301, 542]
[116, 698, 140, 718]
[184, 526, 188, 513]
[289, 89, 307, 110]
[336, 770, 322, 788]
[547, 719, 538, 739]
[769, 407, 779, 399]
[810, 392, 799, 377]
[1286, 705, 1291, 695]
[321, 144, 313, 126]
[649, 386, 676, 363]
[731, 575, 731, 563]
[798, 506, 807, 499]
[801, 374, 811, 389]
[1254, 446, 1231, 442]
[1356, 578, 1373, 564]
[106, 594, 134, 594]
[393, 343, 411, 351]
[404, 241, 385, 238]
[444, 454, 461, 464]
[726, 850, 734, 861]
[829, 645, 802, 620]
[911, 41, 900, 34]
[999, 316, 982, 324]
[1124, 204, 1102, 224]
[1174, 811, 1196, 800]
[1235, 765, 1247, 754]
[1235, 440, 1257, 445]
[260, 452, 280, 459]
[604, 782, 628, 782]
[848, 498, 847, 524]
[1048, 423, 1052, 443]
[1092, 729, 1108, 746]
[664, 483, 681, 492]
[794, 587, 822, 583]
[846, 432, 832, 424]
[1309, 522, 1314, 512]
[1317, 806, 1311, 821]
[281, 573, 270, 566]
[466, 319, 472, 299]
[535, 739, 546, 716]
[835, 422, 854, 436]
[1247, 753, 1277, 704]
[252, 534, 234, 528]
[431, 608, 444, 615]
[604, 743, 618, 740]
[711, 568, 714, 555]
[731, 677, 741, 669]
[265, 420, 261, 434]
[373, 195, 319, 92]
[386, 197, 422, 180]
[434, 360, 417, 355]
[557, 288, 539, 283]
[673, 868, 687, 883]
[1070, 707, 1051, 690]
[1123, 767, 1111, 753]
[164, 524, 183, 527]
[197, 362, 190, 386]
[321, 90, 379, 200]
[340, 761, 353, 744]
[300, 77, 355, 41]
[428, 179, 387, 199]
[974, 491, 1003, 481]
[1062, 753, 1094, 719]
[1278, 706, 1249, 755]
[1374, 566, 1351, 587]
[190, 913, 181, 913]
[258, 45, 285, 84]
[295, 748, 280, 742]
[296, 470, 310, 474]
[396, 438, 406, 419]
[409, 58, 428, 95]
[596, 450, 621, 423]
[655, 528, 671, 536]
[667, 870, 653, 853]
[655, 852, 672, 870]
[1036, 638, 1024, 623]
[1209, 367, 1194, 376]
[669, 538, 654, 531]
[982, 329, 1003, 352]
[229, 669, 237, 655]
[468, 820, 471, 808]
[898, 289, 879, 268]
[130, 714, 109, 695]
[472, 747, 482, 729]
[797, 514, 824, 522]
[805, 620, 832, 644]
[1025, 428, 1044, 424]
[1181, 166, 1140, 187]
[124, 508, 108, 507]
[203, 334, 211, 309]
[384, 267, 403, 272]
[404, 113, 426, 101]
[610, 558, 589, 547]
[744, 278, 724, 279]
[1114, 349, 1123, 344]
[742, 696, 743, 738]
[816, 549, 815, 530]
[843, 367, 860, 366]
[1005, 358, 980, 331]
[1296, 532, 1281, 537]
[1310, 820, 1292, 839]
[1415, 512, 1516, 512]
[399, 764, 415, 729]
[551, 333, 566, 341]
[672, 720, 666, 729]
[1044, 426, 1026, 430]
[1292, 697, 1281, 728]
[52, 204, 53, 231]
[328, 571, 344, 580]
[380, 657, 396, 657]
[725, 855, 708, 844]
[721, 546, 734, 545]
[1207, 217, 1190, 187]
[170, 901, 181, 911]
[352, 566, 337, 557]
[575, 287, 611, 285]
[817, 525, 819, 548]
[1072, 252, 1091, 233]
[1381, 314, 1380, 300]
[621, 188, 638, 191]
[636, 284, 639, 318]
[787, 328, 786, 313]
[1249, 755, 1237, 767]
[1251, 802, 1242, 815]
[460, 78, 443, 48]
[673, 18, 672, 31]
[900, 551, 900, 530]
[155, 216, 170, 228]
[169, 231, 159, 223]
[283, 463, 258, 454]
[268, 720, 260, 731]
[416, 398, 423, 386]
[459, 466, 442, 455]
[620, 561, 649, 577]
[650, 580, 631, 569]
[735, 645, 729, 632]
[1019, 289, 1010, 301]
[1192, 185, 1209, 216]
[0, 492, 40, 492]
[85, 78, 63, 106]
[422, 203, 434, 183]
[633, 519, 621, 513]
[710, 842, 726, 852]
[1100, 265, 1088, 271]
[131, 506, 158, 506]
[282, 420, 300, 430]
[358, 737, 372, 720]
[785, 312, 756, 314]
[1053, 688, 1066, 701]
[180, 529, 164, 526]
[313, 735, 306, 745]
[436, 184, 425, 204]
[696, 659, 691, 645]
[925, 846, 938, 846]
[982, 321, 997, 314]
[1105, 747, 1091, 732]
[1126, 346, 1116, 351]
[286, 913, 268, 913]
[463, 839, 467, 825]
[484, 731, 475, 748]
[613, 255, 614, 274]
[635, 283, 685, 280]
[679, 283, 666, 283]
[751, 573, 751, 544]
[936, 848, 925, 848]
[110, 532, 130, 532]
[235, 526, 255, 533]
[388, 786, 397, 767]
[409, 352, 390, 345]
[466, 329, 469, 349]
[612, 278, 611, 265]
[741, 738, 740, 711]
[745, 515, 739, 536]
[825, 521, 838, 521]
[1197, 801, 1176, 813]
[158, 509, 131, 508]
[590, 288, 574, 289]
[993, 617, 1009, 615]
[51, 235, 51, 220]
[268, 143, 256, 137]
[737, 534, 743, 514]
[1185, 149, 1188, 135]
[1373, 272, 1361, 258]
[496, 535, 507, 514]
[809, 891, 770, 893]
[1312, 871, 1307, 893]
[282, 644, 289, 630]
[401, 208, 390, 207]
[863, 662, 840, 650]
[509, 516, 498, 536]
[1256, 721, 1263, 708]
[232, 670, 233, 681]
[613, 287, 593, 288]
[1414, 925, 1414, 938]
[598, 25, 588, 18]
[828, 687, 808, 688]
[426, 97, 403, 51]
[1185, 472, 1203, 471]
[289, 341, 292, 330]
[814, 586, 796, 589]
[863, 229, 851, 230]
[218, 543, 193, 534]
[425, 387, 418, 400]
[685, 382, 673, 387]
[1204, 465, 1201, 452]
[421, 718, 430, 698]
[863, 227, 879, 227]
[1005, 483, 975, 493]
[656, 322, 640, 322]
[715, 677, 730, 677]
[741, 312, 768, 311]
[898, 498, 875, 498]
[1192, 374, 1207, 365]
[273, 70, 256, 47]
[670, 467, 699, 467]
[943, 476, 941, 490]
[417, 352, 446, 361]
[931, 787, 974, 787]
[1293, 548, 1301, 536]
[475, 104, 464, 85]
[720, 280, 705, 281]
[1113, 751, 1124, 764]
[1238, 295, 1227, 307]
[1142, 479, 1142, 470]
[918, 687, 909, 687]
[52, 364, 52, 391]
[213, 1017, 30, 1017]
[313, 672, 293, 672]
[468, 1017, 290, 1017]
[410, 917, 423, 917]
[723, 1017, 545, 1017]
[668, 922, 645, 922]
[688, 922, 680, 922]
[692, 285, 692, 298]
[736, 577, 743, 577]
[783, 817, 769, 817]
[984, 1017, 800, 1017]
[818, 952, 805, 952]
[881, 232, 865, 232]
[913, 922, 880, 922]
[1238, 1017, 1055, 1017]
[1297, 430, 1297, 450]
[1493, 1017, 1310, 1017]
[1392, 350, 1392, 358]
[1392, 670, 1392, 686]
[524, 733, 530, 740]
[648, 527, 640, 527]
[52, 144, 53, 156]
[143, 532, 159, 532]
[193, 103, 173, 102]
[239, 252, 229, 252]
[565, 817, 579, 817]
[573, 492, 583, 492]
[649, 192, 626, 193]
[783, 687, 771, 687]
[782, 38, 782, 30]
[902, 591, 902, 603]
[971, 567, 986, 567]
[1215, 927, 1256, 927]
[1385, 512, 1393, 512]
[1459, 832, 1469, 832]
[162, 508, 162, 523]
[162, 528, 162, 553]
[679, 927, 688, 927]
[698, 536, 697, 551]
[42, 566, 42, 579]
[162, 470, 162, 483]
[162, 488, 162, 505]
[162, 565, 162, 578]
[162, 600, 162, 625]
[162, 660, 162, 676]
[469, 359, 465, 345]
[480, 467, 490, 467]
[532, 251, 531, 225]
[713, 420, 695, 417]
[939, 497, 903, 498]
[955, 927, 965, 927]
[573, 772, 563, 773]
[636, 311, 635, 298]
[801, 927, 808, 927]
[164, 506, 175, 507]
[295, 430, 279, 422]
[911, 610, 925, 612]
[832, 701, 831, 690]
[753, 826, 763, 826]
[158, 658, 110, 658]
[533, 281, 519, 277]
[1271, 687, 1256, 688]
[1412, 433, 1412, 410]
[301, 707, 286, 712]
[650, 928, 678, 927]
[908, 687, 864, 687]
[1113, 825, 1155, 817]
[1246, 551, 1248, 538]
[583, 491, 601, 499]
[984, 759, 970, 760]
[843, 523, 819, 524]
[316, 201, 308, 186]
[409, 26, 392, 19]
[628, 568, 618, 563]
[889, 299, 875, 307]
[1319, 596, 1303, 568]
[599, 502, 585, 494]
[252, 37, 242, 20]
[578, 346, 597, 356]
[1233, 900, 1229, 887]
[94, 141, 128, 169]
[821, 609, 837, 603]
[1251, 661, 1251, 645]
[126, 729, 109, 720]
[126, 171, 93, 143]
[282, 459, 295, 437]
[362, 42, 373, 53]
[1302, 568, 1293, 558]
[1300, 561, 1317, 587]
[111, 717, 128, 727]
[79, 532, 96, 532]
[132, 510, 132, 523]
[372, 719, 372, 703]
[412, 23, 412, 8]
[722, 258, 722, 275]
[825, 927, 860, 927]
[1000, 402, 991, 402]
[1155, 819, 1133, 824]
[1215, 106, 1224, 90]
[1412, 88, 1412, 65]
[1412, 868, 1412, 838]
[1412, 938, 1413, 928]
[1235, 769, 1221, 785]
[278, 714, 291, 708]
[460, 85, 443, 94]
[1163, 813, 1151, 799]
[621, 424, 635, 413]
[840, 873, 858, 865]
[521, 490, 527, 478]
[244, 18, 253, 35]
[679, 877, 669, 869]
[435, 96, 456, 85]
[1230, 562, 1206, 577]
[595, 358, 575, 348]
[1170, 602, 1201, 579]
[138, 626, 138, 654]
[1198, 584, 1172, 604]
[1305, 888, 1310, 873]
[1240, 813, 1245, 808]
[1220, 783, 1235, 766]
[1317, 587, 1324, 601]
[1106, 218, 1122, 202]
[407, 117, 416, 135]
[1154, 798, 1166, 813]
[375, 703, 374, 721]
[1204, 575, 1228, 561]
[393, 16, 408, 23]
[875, 495, 896, 495]
[859, 400, 874, 401]
[134, 595, 109, 595]
[828, 954, 865, 954]
[865, 955, 828, 955]
[890, 744, 913, 744]
[1081, 634, 1109, 634]
[1109, 635, 1083, 635]
[1146, 960, 1133, 960]
[1175, 960, 1161, 960]
[1421, 505, 1409, 505]
[1435, 760, 1421, 760]
[1481, 10, 1428, 10]
[1494, 505, 1433, 505]
[1389, 484, 1389, 474]
[1390, 474, 1390, 484]
[903, 536, 933, 536]
[954, 449, 964, 449]
[1226, 91, 1217, 107]
[298, 706, 314, 706]
[1250, 536, 1263, 536]
[53, 285, 53, 301]
[53, 318, 53, 355]
[366, 693, 348, 693]
[393, 723, 380, 723]
[545, 36, 550, 23]
[743, 769, 743, 788]
[870, 403, 859, 403]
[936, 528, 925, 528]
[970, 831, 980, 831]
[315, 709, 303, 709]
[139, 655, 158, 655]
[794, 685, 811, 685]
[135, 654, 135, 626]
[110, 655, 134, 655]
[347, 314, 366, 321]
[1308, 484, 1316, 495]
[1315, 499, 1307, 486]
[925, 525, 938, 525]
[931, 539, 904, 539]
[50, 301, 50, 285]
[50, 355, 50, 318]
[346, 690, 366, 690]
[380, 720, 391, 720]
[740, 788, 740, 769]
[1242, 292, 1254, 286]
[183, 919, 26, 919]
[800, 308, 800, 290]
[888, 589, 871, 589]
[958, 919, 916, 919]
[1213, 919, 1056, 919]
[96, 534, 79, 534]
[128, 534, 110, 534]
[463, 919, 439, 919]
[643, 919, 586, 919]
[728, 919, 691, 919]
[720, 275, 720, 258]
[814, 275, 803, 274]
[860, 929, 825, 929]
[845, 555, 845, 545]
[923, 445, 938, 445]
[988, 919, 966, 919]
[1414, 65, 1414, 88]
[1414, 838, 1414, 868]
[1513, 769, 1418, 769]
