[10, 308, 12, 545]
[69, 69, 41, 70]
[200, 263, 200, 274]
[346, 1384, 378, 1384]
[445, 1384, 458, 1384]
[468, 70, 450, 70]
[474, 1385, 474, 1365]
[503, 70, 493, 70]
[485, 754, 513, 754]
[506, 1265, 528, 1264]
[578, 70, 526, 70]
[545, 1264, 718, 1264]
[575, 556, 574, 588]
[574, 590, 576, 624]
[575, 626, 575, 643]
[576, 654, 604, 654]
[579, 74, 593, 74]
[693, 70, 595, 70]
[633, 95, 600, 96]
[614, 928, 614, 915]
[689, 95, 640, 95]
[641, 894, 680, 894]
[664, 703, 664, 689]
[695, 775, 695, 786]
[695, 74, 743, 74]
[725, 89, 749, 89]
[760, 74, 840, 74]
[846, 74, 1023, 74]
[1124, 929, 1124, 908]
[1144, 830, 1135, 830]
[1183, 905, 1133, 904]
[1188, 569, 1165, 570]
[1096, 74, 1278, 74]
[1075, 90, 1194, 89]
[1215, 905, 1196, 905]
[1204, 699, 1204, 689]
[1281, 89, 1318, 89]
[1294, 74, 1308, 73]
[1320, 73, 1356, 74]
[1384, 643, 1384, 628]
[1445, 519, 1478, 519]
[1433, 264, 1503, 264]
[40, 69, 30, 69]
[198, 1429, 40, 1429]
[93, 69, 80, 69]
[154, 550, 144, 550]
[194, 549, 156, 549]
[160, 1479, 188, 1479]
[234, 90, 380, 90]
[320, 725, 328, 725]
[339, 880, 355, 878]
[448, 69, 345, 69]
[345, 725, 358, 725]
[400, 650, 488, 650]
[403, 90, 464, 90]
[494, 90, 518, 89]
[505, 798, 505, 813]
[524, 69, 505, 69]
[510, 649, 569, 653]
[520, 75, 576, 75]
[593, 69, 580, 69]
[625, 20, 625, 39]
[634, 844, 659, 845]
[743, 69, 694, 69]
[670, 91, 724, 90]
[754, 15, 754, 28]
[798, 69, 775, 69]
[834, 69, 810, 69]
[953, 1424, 910, 1424]
[934, 1175, 916, 1174]
[944, 1000, 944, 1008]
[945, 965, 945, 979]
[988, 1169, 963, 1169]
[989, 1480, 989, 1420]
[986, 759, 1013, 761]
[1023, 1054, 1014, 1054]
[1025, 1071, 1025, 1079]
[1028, 726, 1029, 706]
[1218, 1429, 1065, 1429]
[1119, 695, 1119, 703]
[1159, 99, 1159, 118]
[1185, 1479, 1211, 1479]
[1214, 755, 1224, 799]
[1424, 824, 1424, 876]
[1445, 1014, 1493, 1014]
[1440, 1479, 1468, 1479]
[1493, 1009, 1450, 1009]
[0, 75, 33, 75]
[9, 171, 9, 305]
[8, 643, 9, 580]
[14, 993, 15, 1016]
[29, 1424, 29, 1466]
[45, 75, 73, 75]
[55, 1193, 55, 1185]
[96, 1360, 108, 1360]
[120, 75, 133, 75]
[155, 75, 238, 75]
[295, 75, 308, 75]
[320, 75, 468, 75]
[390, 0, 387, 33]
[385, 39, 414, 39]
[425, 38, 425, 0]
[415, 1479, 443, 1479]
[495, 75, 503, 75]
[501, 800, 444, 782]
[499, 890, 499, 918]
[505, 195, 507, 218]
[529, 15, 529, 29]
[530, 0, 529, 8]
[558, 1070, 546, 1070]
[595, 75, 693, 75]
[605, 186, 605, 198]
[649, 714, 649, 724]
[654, 715, 654, 708]
[677, 835, 682, 799]
[670, 1479, 698, 1479]
[748, 74, 755, 74]
[768, 819, 751, 820]
[800, 789, 800, 779]
[849, 883, 849, 934]
[938, 1139, 918, 1138]
[925, 1479, 953, 1479]
[969, 1046, 954, 1042]
[973, 1039, 974, 1021]
[1024, 924, 1024, 885]
[1064, 739, 1065, 699]
[1089, 654, 1135, 649]
[1105, 598, 1105, 586]
[1120, 704, 1121, 728]
[1130, 939, 1185, 939]
[1199, 640, 1208, 695]
[1207, 735, 1204, 701]
[1284, 917, 1311, 919]
[1309, 1424, 1309, 1466]
[1384, 900, 1384, 873]
[1389, 831, 1389, 805]
[1389, 1263, 1389, 1240]
[1413, 1409, 1394, 1409]
[1508, 259, 1430, 259]
[1483, 754, 1475, 754]
[1449, 759, 1513, 759]
[349, 513, 235, 539]
[250, 65, 258, 65]
[326, 643, 306, 639]
[410, 769, 410, 778]
[440, 859, 479, 850]
[465, 754, 479, 754]
[503, 921, 541, 912]
[513, 1134, 501, 1136]
[513, 265, 524, 333]
[525, 755, 533, 755]
[540, 783, 569, 788]
[554, 104, 555, 123]
[544, 1384, 568, 1384]
[584, 93, 570, 95]
[622, 860, 619, 888]
[630, 858, 631, 838]
[748, 91, 690, 94]
[765, 14, 755, 14]
[775, 1014, 826, 1015]
[824, 0, 824, 19]
[859, 564, 826, 571]
[845, 840, 846, 824]
[926, 664, 905, 664]
[945, 1143, 945, 1149]
[955, 1190, 952, 1244]
[985, 1045, 995, 1045]
[1024, 941, 1024, 930]
[1027, 828, 1026, 868]
[1025, 73, 1058, 74]
[1062, 532, 1088, 534]
[1104, 513, 1104, 500]
[1120, 748, 1120, 738]
[1125, 833, 1089, 840]
[1125, 765, 1125, 778]
[1207, 695, 1210, 733]
[1429, 430, 1429, 444]
[1433, 1289, 1500, 1289]
[1483, 834, 1465, 834]
[1499, 553, 1499, 540]
[1505, 1014, 1513, 1014]
[229, 1519, 208, 1519]
[275, 718, 270, 680]
[301, 1519, 280, 1519]
[426, 1060, 398, 1066]
[441, 755, 430, 755]
[485, 1519, 463, 1519]
[495, 132, 496, 148]
[558, 1519, 536, 1519]
[567, 656, 510, 651]
[568, 790, 540, 787]
[741, 1519, 719, 1519]
[755, 69, 749, 69]
[788, 867, 769, 864]
[810, 1033, 810, 1024]
[810, 571, 874, 557]
[947, 1099, 944, 1133]
[950, 1261, 950, 1273]
[1046, 533, 984, 526]
[1030, 1029, 1029, 1039]
[1068, 125, 1061, 169]
[1123, 729, 1133, 728]
[1175, 844, 1165, 844]
[1189, 921, 1189, 936]
[1191, 938, 1208, 940]
[1205, 564, 1224, 563]
[1213, 745, 1215, 754]
[1253, 1519, 1231, 1519]
[1281, 890, 1298, 895]
[1368, 1429, 1334, 1429]
[1509, 239, 1488, 239]
[1509, 1519, 1488, 1519]
[46, 1519, 24, 1519]
[174, 1085, 185, 1066]
[268, 1058, 275, 1041]
[328, 728, 305, 731]
[472, 930, 488, 926]
[481, 751, 491, 695]
[491, 13, 490, 0]
[490, 103, 492, 118]
[529, 1119, 519, 1082]
[540, 915, 504, 924]
[814, 1519, 793, 1519]
[814, 980, 828, 979]
[815, 1469, 828, 1469]
[845, 855, 846, 843]
[996, 1519, 975, 1519]
[1024, 848, 1024, 825]
[1070, 1519, 1048, 1519]
[1195, 623, 1185, 596]
[1244, 1483, 1244, 1470]
[1326, 1519, 1304, 1519]
[39, 1284, 54, 1227]
[55, 1235, 39, 1292]
[459, 1094, 446, 1097]
[489, 37, 491, 20]
[568, 1429, 555, 1429]
[595, 1021, 598, 1033]
[895, 551, 862, 563]
[1030, 90, 1040, 90]
[1072, 95, 1069, 114]
[1137, 651, 1089, 658]
[1186, 651, 1184, 632]
[1499, 808, 1499, 795]
[186, 547, 220, 541]
[281, 722, 299, 671]
[313, 1429, 295, 1429]
[471, 855, 440, 863]
[489, 845, 499, 845]
[1070, 1469, 1083, 1469]
[1142, 617, 1105, 622]
[1203, 688, 1196, 640]
[1478, 579, 1464, 579]
[10, 679, 9, 666]
[9, 696, 9, 681]
[9, 796, 9, 760]
[159, 591, 110, 580]
[269, 529, 346, 510]
[399, 965, 414, 970]
[564, 514, 538, 415]
[593, 1059, 580, 1062]
[953, 709, 985, 714]
[998, 1047, 1015, 1052]
[1022, 1106, 1016, 1130]
[1133, 941, 1095, 949]
[1205, 90, 1279, 90]
[1389, 998, 1389, 985]
[1429, 690, 1429, 701]
[229, 542, 194, 549]
[729, 1379, 729, 1365]
[769, 861, 789, 864]
[881, 990, 893, 990]
[1119, 690, 1071, 683]
[1118, 687, 1149, 683]
[1169, 805, 1169, 820]
[1220, 797, 1210, 749]
[85, 574, 144, 584]
[378, 732, 365, 729]
[520, 699, 497, 691]
[552, 1033, 557, 1053]
[797, 813, 799, 790]
[1003, 989, 1031, 989]
[390, 1053, 390, 1065]
[479, 1043, 498, 1037]
[749, 89, 766, 90]
[1020, 1093, 1021, 1066]
[90, 1189, 79, 1191]
[349, 756, 301, 758]
[400, 658, 434, 668]
[505, 233, 502, 195]
[537, 401, 567, 513]
[629, 1007, 597, 1014]
[634, 1001, 650, 999]
[740, 860, 719, 861]
[1049, 105, 1034, 105]
[199, 342, 181, 334]
[180, 597, 238, 613]
[265, 650, 271, 673]
[460, 677, 491, 686]
[516, 1079, 485, 1086]
[520, 330, 510, 265]
[538, 414, 524, 351]
[617, 963, 649, 954]
[1338, 728, 1339, 714]
[500, 1040, 480, 1045]
[480, 1089, 492, 1127]
[515, 751, 526, 702]
[556, 834, 525, 842]
[1005, 526, 1061, 532]
[1311, 923, 1282, 919]
[223, 539, 265, 529]
[482, 1084, 513, 1076]
[504, 1010, 507, 1022]
[546, 907, 563, 838]
[573, 584, 569, 533]
[775, 890, 790, 889]
[1035, 749, 1063, 742]
[1084, 837, 1124, 830]
[8, 443, 9, 395]
[9, 544, 9, 445]
[8, 578, 9, 546]
[9, 749, 9, 704]
[14, 1216, 14, 1060]
[184, 1481, 68, 1480]
[440, 1481, 323, 1480]
[443, 1103, 449, 1128]
[688, 1481, 579, 1480]
[713, 895, 691, 895]
[734, 1473, 734, 1421]
[723, 744, 744, 744]
[720, 857, 750, 859]
[769, 89, 798, 88]
[794, 898, 796, 953]
[800, 88, 999, 88]
[908, 90, 766, 91]
[830, 925, 830, 949]
[833, 605, 835, 578]
[944, 1481, 835, 1480]
[841, 1389, 869, 1389]
[876, 553, 901, 548]
[899, 1019, 899, 985]
[899, 1059, 898, 1024]
[910, 989, 943, 989]
[978, 757, 941, 755]
[945, 988, 974, 989]
[993, 91, 955, 90]
[955, 754, 976, 754]
[980, 750, 984, 719]
[988, 874, 1021, 874]
[995, 540, 995, 553]
[1046, 875, 1033, 875]
[1053, 1364, 1071, 1364]
[1058, 168, 1064, 125]
[1063, 73, 1093, 74]
[1179, 1480, 1091, 1480]
[1098, 1013, 1113, 1014]
[1070, 680, 1116, 686]
[1131, 869, 1148, 869]
[1159, 753, 1159, 733]
[1165, 103, 1196, 104]
[1464, 1481, 1348, 1480]
[1399, 1343, 1399, 1330]
[1436, 9, 1500, 9]
[1498, 1264, 1456, 1264]
[103, 1030, 78, 1025]
[114, 553, 157, 545]
[394, 1068, 403, 1099]
[387, 728, 399, 674]
[489, 1129, 478, 1092]
[506, 656, 496, 684]
[529, 703, 518, 753]
[585, 792, 633, 802]
[642, 689, 650, 713]
[655, 735, 655, 715]
[671, 754, 655, 750]
[783, 727, 771, 725]
[829, 786, 829, 774]
[970, 523, 999, 523]
[1024, 803, 1024, 780]
[1088, 537, 1048, 533]
[1122, 896, 1124, 880]
[1251, 878, 1275, 882]
[1388, 129, 1389, 50]
[1389, 205, 1388, 131]
[1389, 366, 1389, 298]
[1389, 459, 1389, 394]
[1389, 623, 1389, 551]
[1389, 674, 1389, 653]
[1389, 848, 1389, 834]
[1389, 1213, 1389, 1109]
[1499, 38, 1499, 28]
[1499, 1318, 1499, 1308]
[218, 955, 225, 937]
[239, 980, 236, 965]
[257, 952, 238, 944]
[804, 773, 800, 811]
[810, 983, 808, 968]
[1040, 949, 1075, 949]
[1066, 113, 1069, 94]
[1090, 947, 1129, 939]
[1099, 734, 1115, 732]
[1388, 1101, 1388, 1056]
[109, 581, 85, 576]
[473, 833, 452, 823]
[464, 1049, 450, 1053]
[496, 690, 458, 681]
[466, 1012, 477, 1015]
[646, 958, 611, 967]
[771, 1061, 770, 1073]
[794, 848, 795, 821]
[796, 962, 823, 957]
[1025, 771, 1026, 783]
[1101, 612, 1105, 599]
[1127, 880, 1125, 894]
[1226, 810, 1223, 843]
[1362, 647, 1322, 635]
[432, 1064, 436, 1083]
[445, 717, 452, 687]
[524, 839, 557, 831]
[798, 824, 795, 863]
[947, 1277, 953, 1190]
[1114, 735, 1099, 737]
[1132, 828, 1165, 821]
[462, 1016, 469, 1049]
[471, 1051, 480, 1082]
[663, 217, 671, 253]
[712, 954, 721, 982]
[718, 470, 710, 472]
[944, 533, 931, 537]
[1074, 836, 1073, 806]
[1220, 860, 1221, 881]
[1454, 504, 1511, 504]
[489, 929, 473, 934]
[554, 1053, 548, 1031]
[674, 483, 660, 488]
[726, 710, 783, 725]
[823, 960, 794, 965]
[397, 1063, 425, 1057]
[446, 821, 432, 849]
[446, 724, 441, 748]
[586, 984, 590, 1012]
[739, 816, 735, 793]
[1390, 199, 1391, 229]
[78, 572, 30, 557]
[525, 1073, 553, 1066]
[565, 840, 549, 907]
[466, 1044, 459, 1016]
[491, 1139, 462, 1147]
[553, 907, 613, 890]
[901, 734, 900, 749]
[89, 1025, 113, 1029]
[201, 1032, 185, 1024]
[449, 1050, 464, 1046]
[668, 254, 660, 216]
[737, 794, 742, 815]
[1133, 442, 1105, 497]
[480, 1002, 420, 1018]
[527, 352, 535, 384]
[559, 755, 594, 754]
[769, 634, 782, 662]
[820, 34, 822, 5]
[931, 704, 929, 678]
[967, 1097, 965, 1115]
[995, 762, 979, 764]
[281, 1257, 262, 1251]
[421, 1024, 428, 1051]
[632, 805, 589, 795]
[639, 21, 639, 31]
[745, 769, 738, 794]
[447, 1129, 440, 1102]
[463, 1144, 488, 1137]
[725, 978, 757, 971]
[854, 999, 854, 1016]
[953, 1161, 956, 1143]
[458, 1171, 453, 1153]
[545, 1071, 525, 1077]
[546, 921, 529, 983]
[602, 735, 596, 752]
[736, 792, 742, 769]
[829, 863, 830, 830]
[1218, 865, 1224, 809]
[430, 1013, 497, 995]
[133, 1029, 123, 1025]
[295, 632, 334, 643]
[426, 1054, 418, 1025]
[1027, 655, 1023, 633]
[1059, 682, 1034, 678]
[331, 649, 315, 655]
[1225, 562, 1244, 574]
[433, 672, 404, 661]
[819, 869, 803, 869]
[1219, 902, 1214, 939]
[1390, 455, 1391, 485]
[76, 1023, 64, 1019]
[229, 873, 218, 889]
[404, 664, 389, 728]
[492, 716, 485, 737]
[497, 688, 550, 705]
[730, 569, 715, 573]
[10, 664, 10, 645]
[153, 1349, 85, 1349]
[194, 90, 233, 90]
[498, 1349, 280, 1349]
[284, 1425, 284, 1463]
[344, 754, 385, 755]
[401, 755, 425, 754]
[425, 748, 394, 735]
[448, 755, 463, 755]
[520, 89, 571, 92]
[605, 653, 639, 665]
[625, 184, 608, 184]
[645, 734, 610, 734]
[654, 684, 658, 724]
[755, 1009, 731, 1009]
[747, 949, 743, 921]
[774, 991, 774, 1013]
[744, 453, 782, 437]
[998, 1349, 775, 1349]
[875, 1020, 896, 1020]
[898, 1064, 871, 1065]
[895, 699, 895, 681]
[935, 1174, 951, 1177]
[956, 550, 971, 550]
[975, 1019, 975, 998]
[978, 885, 980, 931]
[979, 958, 979, 976]
[1018, 944, 995, 944]
[991, 815, 1018, 815]
[1034, 693, 1028, 750]
[1268, 1349, 1045, 1349]
[1085, 871, 1120, 870]
[1160, 655, 1183, 655]
[1185, 900, 1184, 878]
[1248, 859, 1228, 859]
[1328, 1349, 1310, 1349]
[1424, 63, 1424, 121]
[1424, 575, 1424, 630]
[1508, 514, 1430, 514]
[458, 1156, 460, 1170]
[484, 756, 449, 758]
[526, 986, 544, 918]
[602, 513, 570, 528]
[836, 1039, 846, 1042]
[880, 610, 881, 575]
[1014, 676, 995, 671]
[1032, 979, 1029, 957]
[1074, 755, 1074, 796]
[1181, 862, 1177, 845]
[1298, 898, 1281, 894]
[1314, 900, 1314, 921]
[1424, 1084, 1424, 1116]
[354, 1129, 339, 1155]
[436, 981, 462, 931]
[501, 930, 501, 988]
[562, 531, 513, 551]
[872, 1310, 883, 1238]
[1029, 705, 1032, 694]
[299, 677, 285, 723]
[488, 93, 348, 92]
[691, 850, 701, 850]
[718, 983, 710, 956]
[804, 750, 783, 748]
[851, 980, 873, 980]
[974, 992, 940, 991]
[996, 669, 1016, 673]
[1041, 204, 1056, 174]
[139, 550, 107, 559]
[156, 985, 142, 981]
[242, 849, 233, 864]
[499, 844, 513, 840]
[516, 1073, 511, 1046]
[547, 1023, 542, 1006]
[585, 1004, 585, 988]
[613, 892, 554, 909]
[633, 499, 608, 510]
[657, 113, 640, 117]
[1068, 874, 1049, 874]
[1113, 618, 1144, 615]
[1100, 537, 1155, 568]
[220, 931, 204, 925]
[238, 617, 160, 593]
[245, 1096, 241, 1109]
[278, 1043, 262, 1072]
[262, 1026, 276, 1034]
[395, 732, 429, 747]
[768, 970, 725, 981]
[783, 673, 744, 661]
[899, 714, 901, 733]
[918, 755, 901, 754]
[1021, 599, 998, 599]
[1188, 596, 1198, 623]
[1319, 701, 1280, 710]
[145, 585, 184, 598]
[288, 1176, 256, 1158]
[300, 1221, 281, 1214]
[307, 640, 294, 634]
[298, 754, 323, 756]
[398, 793, 380, 780]
[647, 716, 642, 695]
[672, 253, 683, 285]
[751, 592, 786, 575]
[848, 15, 836, 16]
[1060, 845, 1047, 848]
[1388, 983, 1389, 950]
[477, 1083, 467, 1050]
[514, 1045, 519, 1074]
[1255, 733, 1277, 728]
[1300, 929, 1314, 932]
[1390, 960, 1391, 996]
[73, 569, 115, 555]
[788, 578, 754, 594]
[975, 855, 976, 831]
[151, 945, 130, 981]
[512, 549, 567, 526]
[784, 904, 778, 924]
[902, 996, 900, 1025]
[186, 800, 84, 971]
[309, 656, 326, 647]
[362, 1050, 329, 1032]
[415, 625, 373, 644]
[389, 1064, 384, 1042]
[459, 930, 447, 919]
[575, 523, 597, 511]
[746, 659, 773, 667]
[784, 440, 745, 456]
[1020, 559, 1009, 557]
[1108, 597, 1102, 614]
[1148, 647, 1144, 619]
[1518, 259, 1510, 262]
[156, 1045, 138, 1034]
[1005, 1053, 994, 1048]
[287, 827, 264, 816]
[359, 509, 422, 474]
[443, 779, 502, 797]
[574, 135, 573, 149]
[1161, 723, 1136, 726]
[1324, 633, 1361, 644]
[508, 860, 496, 880]
[627, 984, 631, 1000]
[965, 1116, 960, 1138]
[235, 1281, 214, 1321]
[507, 219, 510, 242]
[831, 1014, 849, 1016]
[860, 24, 849, 19]
[883, 1259, 875, 1310]
[426, 1194, 419, 1167]
[595, 1012, 626, 1004]
[653, 695, 645, 676]
[1037, 1024, 1046, 998]
[1151, 870, 1134, 872]
[24, 552, 72, 568]
[65, 1015, 81, 1021]
[253, 565, 247, 586]
[255, 750, 246, 752]
[256, 786, 263, 772]
[349, 1113, 338, 1108]
[373, 777, 361, 769]
[775, 818, 797, 815]
[877, 672, 872, 694]
[1013, 1130, 1019, 1104]
[1062, 745, 1036, 752]
[1098, 616, 1073, 603]
[246, 582, 251, 564]
[276, 1209, 260, 1240]
[308, 1142, 255, 1112]
[370, 642, 415, 622]
[680, 286, 669, 254]
[1102, 497, 1128, 445]
[1106, 576, 1109, 596]
[1219, 883, 1217, 869]
[192, 989, 171, 978]
[399, 1095, 392, 1072]
[746, 921, 750, 948]
[403, 489, 356, 512]
[413, 1152, 402, 1148]
[605, 509, 632, 496]
[1245, 719, 1287, 705]
[497, 668, 505, 654]
[522, 1082, 526, 1093]
[998, 1143, 991, 1166]
[1124, 865, 1127, 839]
[259, 1351, 155, 1352]
[288, 600, 280, 620]
[525, 1094, 531, 1117]
[1043, 1352, 1019, 1351]
[1308, 1352, 1278, 1351]
[1378, 1352, 1330, 1352]
[107, 560, 85, 568]
[229, 1138, 241, 1147]
[129, 1347, 239, 1347]
[269, 674, 261, 650]
[551, 115, 553, 100]
[571, 533, 574, 555]
[865, 946, 856, 947]
[942, 1133, 943, 1096]
[989, 1165, 993, 1150]
[51, 1129, 53, 1120]
[233, 756, 225, 758]
[226, 753, 238, 751]
[368, 1107, 378, 1106]
[498, 993, 497, 943]
[513, 1351, 500, 1352]
[557, 831, 565, 835]
[563, 1090, 561, 1081]
[572, 643, 572, 585]
[588, 710, 599, 713]
[605, 732, 638, 732]
[599, 91, 635, 91]
[758, 969, 757, 955]
[794, 573, 803, 571]
[846, 911, 847, 883]
[940, 983, 943, 959]
[948, 528, 958, 526]
[1019, 1348, 1056, 1347]
[1356, 77, 1273, 77]
[1344, 1348, 1378, 1347]
[83, 1352, 0, 1351]
[30, 66, 108, 66]
[211, 1000, 202, 997]
[231, 862, 238, 848]
[246, 896, 235, 896]
[388, 753, 388, 738]
[391, 740, 391, 751]
[345, 66, 763, 66]
[499, 848, 486, 846]
[504, 1023, 501, 1011]
[500, 1347, 510, 1348]
[528, 1352, 514, 1352]
[521, 343, 523, 333]
[533, 783, 519, 780]
[529, 329, 559, 265]
[580, 1058, 593, 1056]
[616, 887, 618, 861]
[636, 91, 656, 91]
[643, 113, 655, 111]
[658, 92, 668, 92]
[698, 575, 709, 599]
[736, 15, 736, 23]
[511, 1347, 789, 1347]
[843, 11, 843, 0]
[851, 943, 881, 943]
[913, 943, 943, 943]
[983, 526, 970, 527]
[1028, 1039, 1025, 1070]
[1048, 1000, 1039, 1025]
[1143, 76, 915, 76]
[1098, 98, 1116, 98]
[1119, 101, 1098, 101]
[1127, 910, 1128, 933]
[1167, 819, 1166, 800]
[1229, 566, 1205, 567]
[1120, 1348, 1343, 1347]
[1388, 221, 1388, 208]
[1388, 863, 1388, 850]
[1391, 89, 1391, 196]
[1391, 831, 1391, 863]
[1391, 1074, 1391, 1115]
[1425, 256, 1516, 256]
[1471, 1007, 1493, 1006]
[1471, 1263, 1498, 1261]
[108, 1363, 94, 1362]
[261, 8, 261, 0]
[378, 653, 364, 650]
[488, 120, 486, 105]
[575, 78, 558, 77]
[558, 1427, 568, 1426]
[593, 1033, 592, 1023]
[636, 878, 636, 886]
[638, 906, 638, 895]
[825, 571, 810, 574]
[893, 993, 881, 992]
[941, 1153, 941, 1141]
[1012, 764, 995, 763]
[1021, 868, 1021, 850]
[1004, 942, 1023, 943]
[1035, 836, 1046, 836]
[1070, 1427, 1096, 1425]
[1123, 739, 1123, 755]
[1155, 128, 1157, 99]
[1187, 633, 1188, 654]
[1194, 862, 1210, 860]
[1184, 1426, 1218, 1426]
[1273, 92, 1205, 92]
[1306, 1464, 1306, 1423]
[1388, 1238, 1388, 1225]
[1391, 1118, 1391, 1243]
[1444, 497, 1453, 496]
[1, 676, 1, 759]
[2, 771, 2, 1025]
[6, 235, 6, 106]
[6, 265, 7, 238]
[53, 1156, 52, 1131]
[55, 1426, 189, 1426]
[127, 979, 143, 952]
[158, 546, 185, 546]
[345, 93, 235, 93]
[358, 728, 345, 727]
[488, 653, 410, 653]
[423, 857, 443, 822]
[444, 1094, 458, 1091]
[509, 93, 490, 93]
[495, 1133, 517, 1130]
[466, 927, 504, 860]
[526, 28, 526, 15]
[650, 848, 635, 846]
[653, 706, 653, 695]
[681, 825, 680, 846]
[733, 10, 733, 0]
[751, 28, 751, 15]
[769, 1351, 760, 1353]
[775, 66, 798, 66]
[796, 1516, 814, 1518]
[810, 66, 843, 66]
[846, 946, 846, 916]
[898, 750, 897, 720]
[898, 661, 926, 662]
[910, 1421, 933, 1421]
[929, 534, 943, 530]
[934, 1422, 948, 1422]
[961, 1166, 975, 1166]
[993, 1048, 983, 1048]
[989, 943, 1002, 942]
[1032, 820, 1027, 827]
[1051, 1516, 1070, 1518]
[1118, 729, 1116, 695]
[1123, 776, 1120, 748]
[1150, 686, 1120, 689]
[1131, 902, 1183, 902]
[1184, 92, 1135, 93]
[1160, 842, 1175, 841]
[1195, 942, 1134, 942]
[1231, 1518, 1250, 1516]
[1271, 77, 1145, 77]
[1391, 46, 1391, 58]
[1391, 1059, 1391, 1073]
[33, 78, 0, 78]
[26, 1464, 26, 1425]
[73, 78, 45, 78]
[56, 1120, 56, 1128]
[133, 78, 120, 78]
[238, 78, 155, 78]
[171, 1224, 180, 1207]
[255, 949, 276, 911]
[291, 734, 285, 745]
[308, 78, 295, 78]
[303, 728, 320, 725]
[468, 78, 320, 78]
[340, 1107, 351, 1108]
[386, 23, 386, 0]
[404, 42, 386, 41]
[395, 1050, 409, 1026]
[428, 0, 428, 38]
[496, 910, 496, 890]
[505, 164, 506, 180]
[555, 78, 520, 78]
[768, 77, 578, 78]
[632, 664, 599, 655]
[628, 1002, 625, 988]
[633, 848, 632, 863]
[749, 817, 770, 816]
[824, 20, 822, 35]
[846, 868, 846, 856]
[848, 826, 848, 858]
[881, 946, 866, 947]
[953, 91, 910, 91]
[910, 1170, 933, 1172]
[921, 1136, 940, 1136]
[1048, 844, 1067, 840]
[1068, 691, 1068, 715]
[1171, 790, 1171, 803]
[1208, 1482, 1181, 1481]
[1187, 938, 1185, 906]
[1335, 91, 1274, 92]
[1388, 473, 1388, 461]
[1392, 821, 1392, 830]
[1456, 1007, 1469, 1006]
[124, 1059, 144, 1071]
[160, 1006, 174, 1015]
[177, 1201, 163, 1194]
[227, 935, 223, 950]
[256, 561, 269, 567]
[400, 756, 386, 756]
[493, 148, 491, 135]
[519, 757, 490, 757]
[560, 268, 530, 332]
[573, 91, 588, 91]
[679, 478, 688, 475]
[709, 956, 699, 956]
[741, 608, 730, 616]
[736, 0, 737, 8]
[764, 92, 749, 92]
[992, 1423, 991, 1480]
[1027, 904, 1027, 946]
[1321, 635, 1280, 613]
[1387, 879, 1385, 900]
[1392, 1244, 1392, 1253]
[1421, 844, 1422, 830]
[12, 581, 11, 619]
[12, 621, 11, 641]
[11, 764, 11, 808]
[141, 1182, 126, 1208]
[140, 1176, 155, 1184]
[236, 958, 242, 976]
[234, 893, 248, 891]
[273, 1035, 257, 1028]
[260, 1156, 289, 1174]
[281, 789, 305, 803]
[316, 883, 330, 881]
[353, 1213, 320, 1195]
[381, 852, 364, 843]
[433, 991, 422, 1011]
[428, 757, 401, 757]
[452, 698, 451, 706]
[528, 1267, 505, 1268]
[536, 390, 538, 400]
[544, 1002, 550, 1022]
[684, 805, 682, 825]
[702, 849, 714, 853]
[914, 767, 928, 768]
[931, 678, 933, 698]
[977, 998, 977, 1033]
[986, 715, 986, 726]
[1026, 884, 1026, 893]
[1025, 1044, 1026, 1031]
[1096, 1427, 1181, 1427]
[1157, 828, 1156, 838]
[1496, 267, 1436, 266]
[8, 393, 8, 370]
[11, 553, 11, 579]
[12, 663, 12, 681]
[11, 683, 11, 761]
[16, 1103, 16, 1219]
[68, 1478, 158, 1478]
[175, 302, 162, 300]
[184, 333, 199, 339]
[208, 775, 215, 764]
[255, 773, 244, 790]
[278, 1352, 259, 1352]
[262, 753, 269, 742]
[282, 750, 269, 770]
[323, 886, 315, 888]
[323, 1478, 413, 1478]
[423, 43, 410, 42]
[436, 811, 475, 832]
[483, 411, 508, 366]
[540, 1516, 559, 1518]
[579, 1478, 668, 1478]
[599, 756, 566, 758]
[675, 896, 648, 897]
[699, 893, 718, 892]
[732, 1365, 731, 1378]
[736, 1421, 736, 1465]
[748, 746, 729, 746]
[754, 861, 740, 861]
[793, 963, 793, 910]
[824, 1471, 815, 1472]
[840, 1086, 826, 1085]
[832, 769, 831, 786]
[837, 580, 836, 598]
[835, 1478, 923, 1478]
[866, 1391, 846, 1391]
[901, 1025, 901, 1056]
[938, 991, 911, 991]
[901, 752, 929, 753]
[927, 620, 926, 630]
[939, 752, 953, 753]
[993, 1141, 983, 1141]
[993, 564, 993, 540]
[1018, 876, 988, 876]
[1031, 992, 1003, 991]
[1030, 873, 1059, 872]
[1036, 103, 1048, 102]
[1050, 641, 1081, 652]
[1066, 1366, 1056, 1366]
[1079, 950, 1054, 951]
[1091, 1478, 1180, 1478]
[1114, 1016, 1099, 1016]
[1198, 106, 1165, 106]
[1156, 567, 1188, 566]
[1282, 611, 1324, 633]
[1348, 1478, 1438, 1478]
[1339, 1427, 1368, 1426]
[1391, 303, 1391, 356]
[1391, 394, 1391, 454]
[1391, 553, 1391, 610]
[1391, 661, 1391, 671]
[1391, 806, 1391, 819]
[1501, 762, 1453, 761]
[1500, 11, 1484, 12]
[1500, 1291, 1484, 1292]
[1501, 539, 1502, 553]
[1514, 761, 1502, 762]
[58, 1472, 50, 1471]
[96, 1048, 105, 1033]
[172, 1018, 158, 1009]
[166, 933, 173, 922]
[167, 913, 179, 893]
[154, 487, 186, 510]
[187, 938, 194, 927]
[220, 535, 186, 514]
[187, 512, 222, 533]
[212, 839, 239, 793]
[223, 1475, 220, 1486]
[206, 1518, 225, 1516]
[241, 795, 215, 839]
[242, 788, 252, 771]
[272, 686, 278, 697]
[313, 1471, 305, 1471]
[336, 1001, 316, 990]
[321, 1192, 354, 1210]
[338, 1151, 352, 1126]
[336, 1032, 364, 1048]
[412, 1028, 398, 1052]
[494, 20, 492, 36]
[568, 1471, 560, 1472]
[638, 646, 637, 628]
[643, 943, 643, 933]
[707, 516, 684, 528]
[698, 742, 720, 743]
[767, 1073, 768, 1058]
[913, 77, 769, 77]
[792, 910, 792, 899]
[828, 949, 827, 929]
[827, 1013, 828, 1005]
[1080, 1471, 1070, 1472]
[1208, 774, 1212, 787]
[1193, 901, 1216, 903]
[1248, 1470, 1245, 1487]
[1277, 711, 1247, 721]
[1338, 1472, 1330, 1471]
[1446, 1309, 1446, 1318]
[1503, 195, 1500, 206]
[1503, 1475, 1500, 1486]
[1486, 238, 1505, 236]
[1486, 1518, 1505, 1516]
[22, 1312, 38, 1285]
[66, 989, 111, 1016]
[197, 864, 209, 843]
[227, 840, 200, 885]
[211, 1320, 233, 1279]
[239, 311, 249, 312]
[242, 815, 229, 836]
[239, 1347, 288, 1347]
[282, 743, 288, 732]
[283, 1258, 315, 1276]
[355, 882, 341, 882]
[378, 1387, 353, 1386]
[433, 1083, 429, 1061]
[566, 757, 549, 756]
[581, 782, 586, 768]
[598, 657, 576, 657]
[671, 182, 685, 183]
[952, 1246, 951, 1259]
[969, 1137, 978, 1138]
[1001, 622, 1019, 624]
[1074, 806, 1077, 827]
[1161, 734, 1162, 761]
[1401, 1329, 1402, 1343]
[1514, 505, 1498, 506]
[1501, 30, 1502, 38]
[1501, 798, 1502, 808]
[1501, 1310, 1502, 1318]
[6, 105, 6, 90]
[203, 972, 192, 955]
[225, 1082, 241, 1092]
[284, 1516, 302, 1518]
[298, 1227, 283, 1252]
[317, 987, 335, 997]
[417, 1013, 430, 988]
[451, 707, 445, 723]
[475, 1090, 465, 1093]
[477, 1365, 477, 1383]
[472, 570, 508, 550]
[528, 335, 524, 344]
[568, 186, 560, 187]
[649, 747, 660, 748]
[733, 25, 732, 13]
[740, 460, 725, 468]
[28, 1516, 46, 1518]
[71, 1088, 78, 1077]
[109, 1034, 99, 1050]
[141, 1072, 120, 1061]
[118, 1013, 134, 987]
[171, 974, 193, 987]
[83, 968, 184, 798]
[230, 1059, 221, 1074]
[221, 748, 232, 731]
[236, 565, 237, 578]
[278, 1073, 332, 1104]
[380, 777, 399, 789]
[440, 671, 448, 673]
[632, 830, 633, 843]
[724, 464, 738, 457]
[811, 969, 812, 979]
[1023, 1081, 1022, 1097]
[1134, 92, 1123, 92]
[1308, 1516, 1326, 1518]
[107, 1017, 66, 992]
[157, 948, 164, 937]
[203, 993, 211, 998]
[197, 884, 223, 839]
[279, 616, 285, 602]
[301, 757, 284, 748]
[257, 1110, 309, 1140]
[463, 1518, 479, 1516]
[568, 1387, 554, 1385]
[601, 728, 604, 715]
[719, 1518, 735, 1516]
[955, 1040, 970, 1042]
[1023, 222, 1041, 203]
[1032, 680, 1034, 692]
[1140, 580, 1145, 601]
[1156, 571, 1135, 561]
[1153, 826, 1142, 830]
[1166, 574, 1188, 596]
[62, 1103, 69, 1092]
[87, 1063, 94, 1052]
[105, 1260, 87, 1249]
[139, 1022, 149, 1007]
[266, 774, 257, 790]
[336, 1103, 348, 1083]
[341, 1157, 373, 1175]
[888, 1213, 886, 1234]
[909, 703, 921, 705]
[959, 1140, 954, 1170]
[981, 716, 951, 711]
[972, 283, 984, 267]
[977, 763, 986, 759]
[1025, 676, 1049, 678]
[1058, 176, 1043, 206]
[1390, 1312, 1393, 1323]
[1422, 865, 1422, 845]
[153, 1188, 146, 1182]
[201, 913, 209, 902]
[234, 565, 239, 548]
[300, 804, 278, 791]
[350, 1086, 339, 1104]
[792, 885, 792, 870]
[1200, 993, 1205, 975]
[1277, 612, 1255, 594]
[7, 370, 7, 266]
[12, 547, 24, 551]
[136, 989, 120, 1014]
[182, 895, 170, 914]
[181, 908, 189, 897]
[198, 781, 189, 794]
[212, 845, 200, 865]
[212, 905, 204, 914]
[249, 1311, 244, 1322]
[251, 799, 245, 810]
[506, 376, 474, 432]
[548, 708, 531, 702]
[769, 412, 786, 432]
[832, 833, 831, 860]
[1275, 884, 1251, 881]
[1271, 604, 1277, 608]
[1481, 1290, 1435, 1291]
[38, 1292, 24, 1315]
[190, 784, 206, 775]
[205, 976, 200, 989]
[234, 732, 225, 749]
[227, 833, 239, 814]
[242, 1096, 222, 1085]
[277, 1204, 288, 1184]
[457, 447, 483, 413]
[512, 360, 518, 348]
[571, 255, 562, 268]
[689, 796, 667, 782]
[951, 1482, 944, 1482]
[151, 938, 159, 927]
[232, 1123, 219, 1119]
[250, 621, 256, 632]
[262, 998, 274, 983]
[312, 912, 326, 892]
[356, 639, 324, 614]
[375, 1022, 346, 1007]
[373, 1088, 388, 1063]
[392, 855, 407, 864]
[412, 974, 383, 958]
[511, 552, 471, 574]
[719, 622, 748, 596]
[1135, 559, 1096, 539]
[1493, 1017, 1441, 1016]
[141, 973, 149, 962]
[153, 1076, 171, 1087]
[195, 953, 203, 967]
[236, 1113, 242, 1101]
[242, 808, 249, 797]
[278, 1254, 295, 1226]
[419, 976, 429, 982]
[560, 265, 569, 252]
[572, 248, 589, 223]
[591, 225, 575, 250]
[949, 1179, 935, 1176]
[1279, 300, 1351, 256]
[12, 643, 12, 660]
[12, 1018, 12, 994]
[26, 1022, 28, 1004]
[176, 924, 169, 935]
[182, 511, 153, 490]
[187, 878, 194, 867]
[218, 1074, 228, 1057]
[333, 668, 345, 659]
[823, 1131, 868, 1141]
[960, 1129, 963, 1111]
[1075, 600, 1096, 612]
[1255, 593, 1239, 573]
[140, 1031, 158, 1043]
[183, 1061, 168, 1052]
[241, 1320, 251, 1300]
[266, 768, 279, 748]
[439, 744, 445, 718]
[510, 368, 506, 375]
[630, 967, 641, 965]
[987, 269, 976, 285]
[986, 262, 1004, 242]
[1042, 207, 1026, 223]
[1073, 963, 1063, 974]
[1246, 721, 1217, 737]
[96, 1054, 90, 1064]
[148, 1069, 158, 1053]
[168, 1048, 184, 1058]
[186, 793, 191, 785]
[271, 744, 264, 757]
[297, 832, 316, 843]
[323, 1102, 281, 1078]
[413, 800, 402, 795]
[713, 854, 688, 851]
[729, 617, 722, 625]
[823, 409, 794, 435]
[872, 550, 850, 513]
[929, 330, 841, 393]
[1138, 724, 1156, 721]
[1214, 735, 1238, 723]
[1222, 342, 1266, 308]
[71, 1094, 65, 1106]
[81, 1079, 74, 1090]
[88, 1184, 120, 1203]
[191, 900, 184, 910]
[211, 776, 199, 782]
[212, 982, 222, 997]
[216, 994, 209, 984]
[314, 853, 298, 881]
[374, 1179, 341, 1160]
[325, 610, 357, 637]
[408, 1103, 424, 1099]
[463, 936, 437, 984]
[520, 350, 513, 363]
[570, 149, 571, 131]
[670, 674, 718, 625]
[841, 393, 823, 408]
[1184, 595, 1163, 575]
[1225, 800, 1278, 844]
[1353, 258, 1297, 292]
[152, 964, 145, 974]
[180, 334, 170, 318]
[170, 312, 183, 332]
[259, 1244, 272, 1252]
[313, 605, 299, 596]
[340, 829, 309, 808]
[306, 597, 317, 604]
[349, 659, 334, 672]
[851, 873, 868, 874]
[866, 536, 875, 549]
[1006, 244, 989, 264]
[994, 708, 1016, 681]
[1128, 445, 1155, 407]
[1164, 400, 1134, 442]
[1265, 312, 1196, 366]
[1277, 847, 1233, 810]
[152, 1010, 142, 1021]
[161, 929, 154, 939]
[228, 1047, 212, 1038]
[271, 1206, 255, 1198]
[263, 1281, 274, 1262]
[313, 1278, 289, 1264]
[303, 1222, 334, 1240]
[369, 1060, 358, 1070]
[388, 849, 413, 804]
[593, 752, 599, 734]
[696, 931, 716, 923]
[696, 798, 729, 818]
[725, 819, 694, 800]
[869, 1062, 896, 1062]
[1016, 1131, 998, 1142]
[1244, 575, 1270, 605]
[1278, 306, 1266, 312]
[60, 1218, 77, 1190]
[79, 1191, 62, 1221]
[165, 1190, 177, 1198]
[196, 1065, 212, 1074]
[277, 985, 263, 1000]
[296, 1171, 310, 1149]
[310, 805, 338, 824]
[422, 874, 454, 892]
[447, 1137, 418, 1120]
[419, 797, 444, 768]
[696, 687, 675, 728]
[748, 1077, 763, 1075]
[764, 723, 750, 719]
[789, 434, 814, 414]
[839, 391, 928, 327]
[994, 1140, 1012, 1131]
[101, 1256, 134, 1275]
[166, 940, 160, 951]
[282, 1466, 282, 1425]
[295, 879, 313, 850]
[317, 1137, 332, 1110]
[436, 1084, 426, 1100]
[623, 147, 611, 148]
[814, 413, 839, 391]
[852, 512, 867, 535]
[1096, 626, 1085, 651]
[1196, 751, 1203, 764]
[1205, 974, 1209, 958]
[209, 1076, 194, 1067]
[205, 921, 215, 927]
[243, 1151, 227, 1142]
[268, 573, 258, 564]
[266, 814, 287, 825]
[377, 1185, 363, 1210]
[781, 666, 766, 635]
[1019, 1352, 1000, 1352]
[1156, 132, 1144, 133]
[146, 1281, 154, 1289]
[186, 1070, 176, 1085]
[196, 929, 190, 940]
[218, 1118, 206, 1111]
[354, 1074, 359, 1063]
[458, 451, 420, 479]
[466, 91, 488, 92]
[497, 921, 497, 911]
[646, 753, 646, 740]
[1430, 767, 1516, 767]
[2, 1025, 2, 1033]
[8, 95, 8, 168]
[100, 1150, 141, 1079]
[196, 869, 190, 880]
[211, 1034, 229, 1045]
[245, 549, 252, 558]
[280, 888, 292, 885]
[304, 811, 291, 830]
[313, 1147, 300, 1171]
[312, 1190, 302, 1185]
[356, 1079, 335, 1072]
[380, 1229, 358, 1214]
[414, 809, 390, 851]
[461, 583, 432, 606]
[432, 602, 472, 571]
[691, 522, 706, 512]
[783, 434, 767, 414]
[901, 1347, 1019, 1347]
[169, 1089, 152, 1079]
[179, 1016, 190, 999]
[243, 598, 232, 594]
[257, 1196, 271, 1203]
[278, 913, 259, 947]
[279, 1263, 267, 1277]
[347, 1005, 377, 1021]
[363, 1215, 383, 1227]
[405, 792, 413, 797]
[420, 1118, 444, 1132]
[673, 727, 694, 687]
[792, 891, 775, 893]
[822, 816, 831, 823]
[1018, 683, 995, 711]
[135, 1278, 105, 1261]
[122, 462, 149, 484]
[161, 1292, 199, 1316]
[241, 981, 225, 1003]
[335, 1244, 303, 1225]
[599, 129, 612, 122]
[670, 781, 686, 790]
[719, 628, 672, 677]
[749, 599, 738, 608]
[1265, 310, 1276, 304]
[368, 842, 382, 850]
[386, 1072, 377, 1087]
[765, 1098, 712, 1044]
[118, 1204, 91, 1189]
[207, 1108, 225, 1119]
[329, 893, 317, 909]
[640, 667, 652, 683]
[739, 377, 767, 411]
[1067, 716, 1067, 729]
[1387, 628, 1387, 643]
[214, 1083, 200, 1107]
[765, 413, 742, 384]
[865, 703, 845, 700]
[202, 1100, 213, 1080]
[419, 478, 403, 488]
[415, 620, 433, 602]
[423, 474, 457, 448]
[666, 948, 647, 957]
[1189, 374, 1164, 401]
[153, 1293, 143, 1282]
[297, 1007, 307, 988]
[491, 888, 471, 925]
[637, 33, 636, 20]
[854, 17, 865, 24]
[123, 1115, 101, 1153]
[148, 488, 139, 478]
[198, 1318, 158, 1294]
[289, 1188, 279, 1206]
[471, 575, 460, 584]
[803, 867, 818, 867]
[854, 1018, 840, 1018]
[1296, 293, 1282, 302]
[415, 876, 404, 892]
[473, 432, 458, 450]
[705, 575, 729, 566]
[771, 1099, 817, 1129]
[928, 815, 938, 816]
[1188, 676, 1175, 675]
[182, 1094, 200, 1103]
[320, 845, 348, 861]
[383, 91, 401, 90]
[452, 893, 421, 877]
[1098, 569, 1088, 557]
[346, 863, 318, 847]
[500, 996, 490, 1001]
[542, 983, 594, 970]
[644, 675, 632, 665]
[847, 510, 793, 448]
[906, 816, 921, 815]
[359, 1211, 375, 1183]
[638, 894, 633, 887]
[1278, 730, 1257, 735]
[165, 1103, 127, 1170]
[191, 1057, 202, 1036]
[257, 1238, 271, 1215]
[313, 694, 320, 683]
[1082, 1120, 1055, 1140]
[1048, 1142, 1079, 1119]
[905, 664, 885, 661]
[1079, 654, 1046, 643]
[187, 1020, 200, 1029]
[571, 810, 575, 794]
[628, 155, 628, 181]
[729, 1007, 760, 1007]
[815, 1131, 768, 1101]
[1129, 845, 1125, 868]
[300, 671, 309, 657]
[384, 1182, 411, 1197]
[439, 779, 419, 800]
[661, 845, 675, 847]
[1031, 958, 1034, 975]
[1201, 766, 1193, 752]
[323, 684, 316, 694]
[974, 1048, 972, 1079]
[1150, 868, 1177, 862]
[1155, 407, 1188, 372]
[127, 1164, 163, 1102]
[711, 1044, 698, 1025]
[811, 561, 832, 537]
[847, 794, 848, 809]
[1177, 841, 1183, 856]
[198, 1105, 177, 1094]
[313, 844, 296, 834]
[326, 1021, 335, 1008]
[503, 819, 489, 840]
[588, 770, 583, 783]
[795, 446, 850, 509]
[881, 1113, 868, 1113]
[995, 555, 994, 566]
[1312, 918, 1312, 900]
[71, 1237, 91, 1249]
[65, 1306, 92, 1261]
[85, 1176, 91, 1164]
[408, 1198, 382, 1184]
[348, 933, 398, 964]
[595, 972, 546, 984]
[675, 994, 690, 1012]
[753, 1082, 767, 1096]
[768, 602, 788, 583]
[870, 693, 875, 671]
[1091, 556, 1100, 567]
[232, 1271, 173, 1237]
[749, 719, 724, 712]
[963, 37, 946, 37]
[1067, 547, 1039, 568]
[191, 1001, 183, 1017]
[699, 1023, 728, 1058]
[791, 626, 810, 631]
[848, 779, 848, 791]
[145, 1079, 124, 1113]
[216, 589, 221, 578]
[292, 824, 300, 811]
[530, 987, 515, 994]
[720, 892, 739, 893]
[894, 680, 888, 669]
[199, 1249, 234, 1269]
[280, 850, 262, 880]
[314, 656, 300, 676]
[745, 908, 761, 903]
[871, 1111, 881, 1111]
[951, 1039, 951, 1025]
[96, 1162, 85, 1181]
[194, 1207, 250, 1238]
[737, 561, 755, 551]
[850, 1140, 835, 1136]
[210, 1174, 194, 1200]
[986, 728, 981, 754]
[1079, 1118, 1110, 1087]
[1141, 1050, 1126, 1072]
[1155, 1038, 1169, 1022]
[84, 1281, 67, 1307]
[160, 1053, 150, 1070]
[226, 276, 238, 288]
[248, 1194, 213, 1173]
[770, 830, 776, 823]
[215, 1171, 252, 1193]
[139, 478, 121, 464]
[127, 1203, 137, 1184]
[253, 1243, 194, 1210]
[1083, 650, 1094, 624]
[1125, 1072, 1082, 1120]
[261, 953, 274, 963]
[696, 1023, 673, 996]
[809, 634, 790, 628]
[883, 578, 883, 608]
[95, 1261, 84, 1279]
[309, 991, 299, 1008]
[392, 1160, 380, 1179]
[713, 745, 696, 744]
[762, 850, 742, 825]
[379, 1175, 390, 1158]
[1120, 1075, 1141, 1047]
[1223, 844, 1221, 859]
[1429, 512, 1516, 512]
[247, 1091, 254, 1082]
[334, 1111, 318, 1139]
[805, 1375, 788, 1360]
[253, 1251, 243, 1269]
[260, 880, 279, 848]
[306, 1054, 284, 1041]
[432, 607, 414, 624]
[626, 180, 626, 159]
[1119, 872, 1085, 874]
[553, 93, 511, 92]
[651, 984, 654, 996]
[764, 748, 750, 747]
[816, 629, 806, 610]
[1142, 600, 1138, 581]
[152, 1261, 143, 1275]
[487, 838, 501, 817]
[682, 891, 680, 875]
[234, 92, 183, 92]
[239, 1270, 251, 1249]
[337, 1010, 328, 1022]
[335, 1071, 311, 1057]
[806, 605, 817, 626]
[1038, 565, 1066, 545]
[1193, 367, 1222, 342]
[203, 1041, 191, 1061]
[322, 1036, 312, 1053]
[898, 684, 896, 703]
[1109, 1086, 1119, 1075]
[382, 957, 347, 936]
[681, 863, 684, 888]
[693, 743, 680, 743]
[839, 1017, 775, 1017]
[977, 940, 976, 883]
[1146, 619, 1149, 633]
[11, 91, 34, 91]
[30, 93, 10, 93]
[928, 853, 910, 853]
[971, 1061, 971, 1048]
[1186, 728, 1161, 724]
[285, 1039, 306, 1051]
[336, 929, 315, 917]
[424, 1098, 433, 1084]
[751, 891, 768, 891]
[876, 701, 893, 702]
[953, 1026, 953, 1038]
[1078, 899, 1078, 930]
[882, 1151, 856, 1140]
[212, 350, 212, 339]
[757, 553, 739, 563]
[765, 893, 754, 893]
[910, 851, 930, 850]
[1072, 796, 1071, 741]
[86, 1249, 68, 1239]
[657, 962, 675, 993]
[790, 585, 772, 603]
[1011, 553, 1010, 541]
[1202, 994, 1193, 1007]
[1055, 1357, 1079, 1357]
[1086, 901, 1120, 901]
[245, 910, 238, 921]
[673, 995, 655, 963]
[956, 854, 928, 853]
[1180, 1013, 1192, 1004]
[1318, 956, 1317, 945]
[736, 659, 725, 673]
[1026, 761, 1027, 744]
[729, 1058, 747, 1076]
[309, 984, 288, 973]
[1151, 654, 1154, 673]
[30, 556, 16, 550]
[1050, 627, 1068, 593]
[1169, 866, 1153, 870]
[416, 901, 439, 914]
[890, 665, 897, 684]
[1070, 594, 1052, 629]
[1076, 929, 1075, 899]
[313, 1055, 343, 1072]
[141, 1273, 150, 1260]
[276, 967, 261, 957]
[667, 1028, 667, 1034]
[220, 953, 211, 970]
[356, 1221, 343, 1242]
[641, 693, 624, 675]
[177, 1025, 165, 1045]
[440, 917, 407, 899]
[594, 182, 624, 182]
[931, 851, 956, 851]
[1075, 829, 1075, 845]
[830, 1135, 816, 1130]
[1410, 1347, 1418, 1347]
[183, 1208, 172, 1226]
[384, 757, 349, 757]
[342, 1239, 353, 1222]
[834, 539, 812, 563]
[1068, 92, 1055, 92]
[1185, 657, 1161, 657]
[852, 1014, 851, 995]
[978, 1167, 985, 1167]
[0, 1347, 114, 1347]
[277, 698, 277, 718]
[493, 695, 492, 715]
[502, 816, 502, 800]
[692, 788, 692, 774]
[847, 0, 847, 8]
[928, 947, 913, 947]
[943, 947, 935, 947]
[1313, 933, 1294, 932]
[1478, 522, 1445, 522]
[170, 317, 161, 317]
[458, 1387, 445, 1387]
[617, 915, 617, 929]
[1048, 92, 1038, 92]
[718, 1267, 545, 1267]
[667, 686, 667, 701]
[772, 1021, 772, 990]
[809, 1037, 798, 1037]
[895, 1022, 874, 1022]
[971, 553, 954, 552]
[976, 985, 977, 966]
[1015, 817, 994, 816]
[1115, 92, 1075, 92]
[1059, 1348, 1118, 1347]
[1187, 881, 1187, 899]
[1229, 857, 1244, 857]
[1422, 105, 1422, 63]
[1422, 596, 1422, 575]
[790, 748, 806, 746]
[876, 983, 854, 981]
[1422, 1096, 1423, 1084]
[855, 746, 879, 747]
[932, 750, 931, 720]
[978, 831, 978, 873]
[1456, 1263, 1469, 1262]
[938, 817, 906, 818]
[989, 596, 1015, 598]
[225, 999, 238, 980]
[312, 1048, 319, 1036]
[975, 874, 975, 856]
[183, 91, 193, 90]
[885, 1223, 885, 1213]
[1170, 1024, 1156, 1040]
[1193, 1007, 1182, 1015]
[1209, 970, 1202, 993]
[192, 1197, 208, 1171]
[933, 715, 934, 733]
[331, 1259, 338, 1249]
[718, 708, 709, 708]
[115, 1347, 126, 1348]
[1422, 121, 1422, 106]
[164, 1043, 175, 1023]
[692, 933, 686, 910]
[1075, 853, 1073, 839]
[289, 1347, 480, 1347]
[390, 1141, 363, 1125]
[1089, 792, 1117, 781]
[175, 1235, 197, 1248]
[537, 1464, 537, 1423]
[931, 708, 909, 706]
[1120, 904, 1085, 904]
[595, 606, 595, 623]
[1118, 783, 1083, 797]
[317, 916, 334, 926]
[717, 922, 740, 912]
[903, 836, 903, 861]
[869, 1142, 886, 1151]
[301, 1357, 316, 1357]
[968, 1090, 951, 1088]
[66, 1517, 190, 1517]
[323, 1517, 446, 1517]
[578, 1517, 701, 1517]
[741, 914, 713, 926]
[793, 1347, 898, 1347]
[834, 1517, 958, 1517]
[855, 767, 871, 767]
[948, 662, 965, 662]
[1090, 1517, 1214, 1517]
[1346, 1517, 1470, 1517]
[1423, 630, 1422, 598]
[1423, 1116, 1422, 1098]
[117, 1225, 101, 1250]
[100, 1248, 115, 1223]
[729, 363, 738, 377]
[131, 1209, 157, 1225]
[291, 900, 306, 911]
[744, 823, 756, 839]
[1154, 1041, 1142, 1049]
[741, 384, 726, 365]
[156, 1226, 131, 1212]
[723, 672, 733, 659]
[367, 1124, 394, 1140]
[15, 1068, 15, 1100]
[479, 1465, 479, 1429]
[480, 1429, 480, 1465]
[594, 620, 594, 606]
[671, 1390, 650, 1390]
[650, 1389, 671, 1389]
[868, 875, 856, 875]
[1390, 61, 1390, 86]
[1390, 613, 1390, 623]
[1481, 10, 1446, 10]
[1494, 505, 1454, 505]
[1484, 1034, 1496, 1034]
[1496, 1035, 1484, 1035]
[886, 1206, 886, 1190]
[626, 673, 641, 689]
[318, 1359, 301, 1359]
[398, 893, 385, 885]
[900, 853, 900, 836]
[889, 1190, 889, 1206]
[54, 1131, 54, 1143]
[639, 629, 639, 639]
[190, 1519, 66, 1519]
[446, 1519, 323, 1519]
[701, 1519, 578, 1519]
[958, 1519, 834, 1519]
[1214, 1519, 1090, 1519]
[1470, 1519, 1346, 1519]
[758, 1349, 531, 1349]
[539, 1423, 539, 1463]
[871, 769, 855, 769]
[965, 664, 948, 664]
[1078, 1359, 1055, 1359]
[1321, 90, 1335, 89]
[1513, 769, 1430, 769]
