[10, 308, 12, 545, 1.5623577085406521]
[69, 69, 41, 70, -0.03569911267932397]
[200, 263, 200, 274, 90]
[346, 1384, 378, 1384, 0.0]
[445, 1384, 458, 1384, 0.0]
[468, 70, 450, 70, -0.0]
[474, 1385, 474, 1365, 90]
[503, 70, 493, 70, -0.0]
[485, 754, 513, 754, 0.0]
[506, 1265, 528, 1264, -0.04542327942157701]
[578, 70, 526, 70, -0.0]
[545, 1264, 718, 1264, 0.0]
[575, 556, 574, 588, -1.5395564933646284]
[574, 590, 576, 624, 1.512040504079174]
[575, 626, 575, 643, 90]
[576, 654, 604, 654, 0.0]
[579, 74, 593, 74, 0.0]
[693, 70, 595, 70, -0.0]
[633, 95, 600, 96, -0.0302937599187751]
[614, 928, 614, 915, 90]
[689, 95, 640, 95, -0.0]
[641, 894, 680, 894, 0.0]
[664, 703, 664, 689, 90]
[695, 775, 695, 786, 90]
[695, 74, 743, 74, 0.0]
[725, 89, 749, 89, 0.0]
[760, 74, 840, 74, 0.0]
[846, 74, 1023, 74, 0.0]
[1124, 929, 1124, 908, 90]
[1144, 830, 1135, 830, -0.0]
[1183, 905, 1133, 904, 0.019997333973150535]
[1188, 569, 1165, 570, -0.04345089539153084]
[1096, 74, 1278, 74, 0.0]
[1075, 90, 1194, 89, -0.008403163547646988]
[1215, 905, 1196, 905, -0.0]
[1204, 699, 1204, 689, 90]
[1281, 89, 1318, 89, 0.0]
[1294, 74, 1308, 73, -0.07130746478529032]
[1320, 73, 1356, 74, 0.027770636593421036]
[1384, 643, 1384, 628, 90]
[1445, 519, 1478, 519, 0.0]
[1433, 264, 1503, 264, 0.0]
[40, 69, 30, 69, -0.0]
[198, 1429, 40, 1429, -0.0]
[93, 69, 80, 69, -0.0]
[154, 550, 144, 550, -0.0]
[194, 549, 156, 549, -0.0]
[160, 1479, 188, 1479, 0.0]
[234, 90, 380, 90, 0.0]
[320, 725, 328, 725, 0.0]
[339, 880, 355, 878, -0.12435499454676144]
[448, 69, 345, 69, -0.0]
[345, 725, 358, 725, 0.0]
[400, 650, 488, 650, 0.0]
[403, 90, 464, 90, 0.0]
[494, 90, 518, 89, -0.04164257909858842]
[505, 798, 505, 813, 90]
[524, 69, 505, 69, -0.0]
[510, 649, 569, 653, 0.06769302269396865]
[625, 20, 625, 39, 90]
[634, 844, 659, 845, 0.039978687123290044]
[670, 91, 724, 90, -0.018516402068009044]
[754, 15, 754, 28, 90]
[798, 69, 775, 69, -0.0]
[834, 69, 810, 69, -0.0]
[953, 1424, 910, 1424, -0.0]
[934, 1175, 916, 1174, 0.05549850524571683]
[944, 1000, 944, 1008, 90]
[945, 965, 945, 979, 90]
[988, 1169, 963, 1169, -0.0]
[989, 1480, 989, 1420, 90]
[986, 759, 1013, 761, 0.07393903765794034]
[1023, 1054, 1014, 1054, -0.0]
[1025, 1071, 1025, 1079, 90]
[1028, 726, 1029, 706, -1.5208379310729538]
[1218, 1429, 1065, 1429, -0.0]
[1119, 695, 1119, 703, 90]
[1159, 99, 1159, 118, 90]
[1185, 1479, 1211, 1479, 0.0]
[1424, 824, 1424, 876, 90]
[1445, 1014, 1493, 1014, 0.0]
[1440, 1479, 1468, 1479, 0.0]
[0, 75, 33, 75, 0.0]
[9, 171, 9, 305, 90]
[8, 643, 9, 580, -1.5549246438031066]
[14, 993, 15, 1016, 1.5273454314033659]
[29, 1424, 29, 1466, 90]
[55, 1193, 55, 1185, 90]
[96, 1360, 108, 1360, 0.0]
[120, 75, 133, 75, 0.0]
[155, 75, 238, 75, 0.0]
[295, 75, 308, 75, 0.0]
[390, 0, 387, 33, -1.4801364395941514]
[385, 39, 414, 39, 0.0]
[425, 38, 425, 0, 90]
[415, 1479, 443, 1479, 0.0]
[499, 890, 499, 918, 90]
[505, 195, 507, 218, 1.4840579881189115]
[529, 15, 529, 29, 90]
[530, 0, 529, 8, -1.446441332248135]
[558, 1070, 546, 1070, -0.0]
[605, 186, 605, 198, 90]
[649, 714, 649, 724, 90]
[677, 835, 682, 799, -1.4327903031373772]
[670, 1479, 698, 1479, 0.0]
[748, 74, 755, 74, 0.0]
[768, 819, 751, 820, -0.05875582271572269]
[800, 789, 800, 779, 90]
[849, 883, 849, 934, 90]
[938, 1139, 918, 1138, 0.049958395721942765]
[925, 1479, 953, 1479, 0.0]
[973, 1039, 974, 1021, -1.5152978215491797]
[1024, 924, 1024, 885, 90]
[1064, 739, 1065, 699, -1.5458015331759765]
[1089, 654, 1135, 649, -0.10827059086045604]
[1105, 598, 1105, 586, 90]
[1120, 704, 1121, 728, 1.5291537476963082]
[1130, 939, 1185, 939, 0.0]
[1199, 640, 1208, 695, 1.4085974933315142]
[1207, 735, 1204, 701, 1.4827889532671559]
[1284, 917, 1311, 919, 0.07393903765794034]
[1309, 1424, 1309, 1466, 90]
[1384, 900, 1384, 873, 90]
[1389, 831, 1389, 805, 90]
[1389, 1263, 1389, 1240, 90]
[1413, 1409, 1394, 1409, -0.0]
[1483, 754, 1475, 754, -0.0]
[250, 65, 258, 65, 0.0]
[410, 769, 410, 778, 90]
[465, 754, 479, 754, 0.0]
[513, 1134, 501, 1136, -0.16514867741462683]
[513, 265, 524, 333, 1.410420882818946]
[525, 755, 533, 755, 0.0]
[540, 783, 569, 788, 0.1707352114752828]
[554, 104, 555, 123, 1.5182132651839548]
[544, 1384, 568, 1384, 0.0]
[584, 93, 570, 95, -0.1418970546041639]
[622, 860, 619, 888, -1.464060654145761]
[630, 858, 631, 838, -1.5208379310729538]
[748, 91, 690, 94, -0.05167808448243]
[775, 1014, 826, 1015, 0.019605330857204686]
[824, 0, 824, 19, 90]
[845, 840, 846, 824, -1.5083775167989393]
[926, 664, 905, 664, -0.0]
[945, 1143, 945, 1149, 90]
[955, 1190, 952, 1244, -1.5152978215491797]
[985, 1045, 995, 1045, 0.0]
[1024, 941, 1024, 930, 90]
[1027, 828, 1026, 868, -1.5458015331759765]
[1025, 73, 1058, 74, 0.0302937599187751]
[1062, 532, 1088, 534, 0.07677189126977804]
[1104, 513, 1104, 500, 90]
[1120, 748, 1120, 738, 90]
[1125, 765, 1125, 778, 90]
[1429, 430, 1429, 444, 90]
[1433, 1289, 1500, 1289, 0.0]
[1483, 834, 1465, 834, -0.0]
[1499, 553, 1499, 540, 90]
[1505, 1014, 1513, 1014, 0.0]
[229, 1519, 208, 1519, -0.0]
[275, 718, 270, 680, 1.4399689307208396]
[301, 1519, 280, 1519, -0.0]
[441, 755, 430, 755, -0.0]
[485, 1519, 463, 1519, -0.0]
[495, 132, 496, 148, 1.5083775167989393]
[558, 1519, 536, 1519, -0.0]
[741, 1519, 719, 1519, -0.0]
[788, 867, 769, 864, 0.15660187698201536]
[810, 1033, 810, 1024, 90]
[947, 1099, 944, 1133, -1.4827889532671559]
[950, 1261, 950, 1273, 90]
[1046, 533, 984, 526, 0.11242713083019013]
[1030, 1029, 1029, 1039, -1.4711276743037347]
[1068, 125, 1061, 169, -1.4130275891989426]
[1123, 729, 1133, 728, -0.09966865249116204]
[1175, 844, 1165, 844, -0.0]
[1189, 921, 1189, 936, 90]
[1191, 938, 1208, 940, 0.11710874456686428]
[1205, 564, 1224, 563, -0.052583061610941714]
[1253, 1519, 1231, 1519, -0.0]
[1368, 1429, 1334, 1429, -0.0]
[1509, 239, 1488, 239, -0.0]
[1509, 1519, 1488, 1519, -0.0]
[46, 1519, 24, 1519, -0.0]
[491, 13, 490, 0, 1.4940244355251187]
[490, 103, 492, 118, 1.4382447944982226]
[814, 1519, 793, 1519, -0.0]
[814, 980, 828, 979, -0.07130746478529032]
[815, 1469, 828, 1469, 0.0]
[845, 855, 846, 843, -1.4876550949064553]
[996, 1519, 975, 1519, -0.0]
[1024, 848, 1024, 825, 90]
[1070, 1519, 1048, 1519, -0.0]
[1244, 1483, 1244, 1470, 90]
[1326, 1519, 1304, 1519, -0.0]
[489, 37, 491, 20, -1.4536875822280324]
[568, 1429, 555, 1429, -0.0]
[1030, 90, 1040, 90, 0.0]
[1072, 95, 1069, 114, -1.4141944498128813]
[1186, 651, 1184, 632, 1.4659193880646628]
[1499, 808, 1499, 795, 90]
[313, 1429, 295, 1429, -0.0]
[489, 845, 499, 845, 0.0]
[1070, 1469, 1083, 1469, 0.0]
[1142, 617, 1105, 622, -0.13432144195296852]
[1478, 579, 1464, 579, -0.0]
[10, 679, 9, 666, 1.4940244355251187]
[9, 696, 9, 681, 90]
[9, 796, 9, 760, 90]
[953, 709, 985, 714, 0.15499674192394097]
[1205, 90, 1279, 90, 0.0]
[1389, 998, 1389, 985, 90]
[1429, 690, 1429, 701, 90]
[729, 1379, 729, 1365, 90]
[881, 990, 893, 990, 0.0]
[1119, 690, 1071, 683, 0.14481249823893905]
[1118, 687, 1149, 683, -0.1283232276857948]
[1169, 805, 1169, 820, 90]
[85, 574, 144, 584, 0.16789592325037456]
[797, 813, 799, 790, -1.4840579881189115]
[1003, 989, 1031, 989, 0.0]
[390, 1053, 390, 1065, 90]
[749, 89, 766, 90, 0.05875582271572269]
[349, 756, 301, 758, -0.04164257909858842]
[634, 1001, 650, 999, -0.12435499454676144]
[740, 860, 719, 861, -0.047583103276983396]
[1049, 105, 1034, 105, -0.0]
[1338, 728, 1339, 714, -1.4994888620096063]
[1005, 526, 1061, 532, 0.10673567264913564]
[573, 584, 569, 533, 1.4925251862736186]
[775, 890, 790, 889, -0.06656816377582381]
[1084, 837, 1124, 830, -0.17324566645236494]
[9, 544, 9, 445, 90]
[8, 578, 9, 546, -1.5395564933646284]
[9, 749, 9, 704, 90]
[14, 1216, 14, 1060, 90]
[184, 1481, 68, 1480, 0.008620476112136321]
[440, 1481, 323, 1480, 0.008546800432611483]
[688, 1481, 579, 1480, 0.009174054545109998]
[713, 895, 691, 895, -0.0]
[734, 1473, 734, 1421, 90]
[723, 744, 744, 744, 0.0]
[769, 89, 798, 88, -0.034469100999508014]
[794, 898, 796, 953, 1.534448705775876]
[800, 88, 999, 88, 0.0]
[908, 90, 766, 91, -0.007042137108312186]
[830, 925, 830, 949, 90]
[833, 605, 835, 578, -1.4968572891369563]
[944, 1481, 835, 1480, 0.009174054545109998]
[841, 1389, 869, 1389, 0.0]
[899, 1019, 899, 985, 90]
[899, 1059, 898, 1024, 1.5422326689561365]
[910, 989, 943, 989, 0.0]
[978, 757, 941, 755, 0.05400150037596829]
[945, 988, 974, 989, 0.034469100999508014]
[993, 91, 955, 90, 0.02630971725292219]
[980, 750, 984, 719, -1.442473099109102]
[988, 874, 1021, 874, 0.0]
[995, 540, 995, 553, 90]
[1046, 875, 1033, 875, -0.0]
[1053, 1364, 1071, 1364, 0.0]
[1063, 73, 1093, 74, 0.033320995878247196]
[1179, 1480, 1091, 1480, -0.0]
[1098, 1013, 1113, 1014, 0.06656816377582381]
[1131, 869, 1148, 869, 0.0]
[1159, 753, 1159, 733, 90]
[1165, 103, 1196, 104, 0.03224688243525392]
[1464, 1481, 1348, 1480, 0.008620476112136321]
[1399, 1343, 1399, 1330, 90]
[1436, 9, 1500, 9, 0.0]
[1498, 1264, 1456, 1264, -0.0]
[783, 727, 771, 725, 0.16514867741462683]
[829, 786, 829, 774, 90]
[970, 523, 999, 523, 0.0]
[1024, 803, 1024, 780, 90]
[1122, 896, 1124, 880, -1.446441332248135]
[1251, 878, 1275, 882, 0.16514867741462683]
[1388, 129, 1389, 50, -1.5581387749608446]
[1389, 205, 1388, 131, 1.5572836357815685]
[1389, 366, 1389, 298, 90]
[1389, 459, 1389, 394, 90]
[1389, 623, 1389, 551, 90]
[1389, 674, 1389, 653, 90]
[1389, 848, 1389, 834, 90]
[1389, 1213, 1389, 1109, 90]
[1499, 38, 1499, 28, 90]
[1499, 1318, 1499, 1308, 90]
[810, 983, 808, 968, 1.4382447944982226]
[1040, 949, 1075, 949, 0.0]
[1099, 734, 1115, 732, -0.12435499454676144]
[1388, 1101, 1388, 1056, 90]
[771, 1061, 770, 1073, -1.4876550949064553]
[794, 848, 795, 821, -1.5337762109209665]
[1025, 771, 1026, 783, 1.4876550949064553]
[1226, 810, 1223, 843, -1.4801364395941514]
[947, 1277, 953, 1190, -1.501939837493852]
[1074, 836, 1073, 806, 1.5374753309166493]
[1220, 860, 1221, 881, 1.5232132235179132]
[1454, 504, 1511, 504, 0.0]
[823, 960, 794, 965, -0.1707352114752828]
[586, 984, 590, 1012, 1.4288992721907328]
[739, 816, 735, 793, 1.3986055122719576]
[1390, 199, 1391, 229, 1.5374753309166493]
[901, 734, 900, 749, -1.5042281630190728]
[89, 1025, 113, 1029, 0.16514867741462683]
[559, 755, 594, 754, -0.028563657838759995]
[820, 34, 822, 5, -1.501939837493852]
[931, 704, 929, 678, 1.4940244355251187]
[967, 1097, 965, 1115, -1.460139105621001]
[995, 762, 979, 764, -0.12435499454676144]
[639, 21, 639, 31, 90]
[854, 999, 854, 1016, 90]
[953, 1161, 956, 1143, -1.4056476493802699]
[829, 863, 830, 830, -1.5405025668761214]
[1218, 865, 1224, 809, -1.464060654145761]
[1059, 682, 1034, 678, 0.1586552621864014]
[819, 869, 803, 869, -0.0]
[1219, 902, 1214, 939, -1.4364748848419282]
[1390, 455, 1391, 485, 1.5374753309166493]
[10, 664, 10, 645, 90]
[153, 1349, 85, 1349, -0.0]
[194, 90, 233, 90, 0.0]
[498, 1349, 280, 1349, -0.0]
[284, 1425, 284, 1463, 90]
[344, 754, 385, 755, 0.024385409172718538]
[401, 755, 425, 754, -0.04164257909858842]
[448, 755, 463, 755, 0.0]
[520, 89, 571, 92, 0.05875582271572269]
[625, 184, 608, 184, -0.0]
[645, 734, 610, 734, -0.0]
[654, 684, 658, 724, 1.4711276743037347]
[755, 1009, 731, 1009, -0.0]
[747, 949, 743, 921, 1.4288992721907328]
[774, 991, 774, 1013, 90]
[998, 1349, 775, 1349, -0.0]
[875, 1020, 896, 1020, 0.0]
[898, 1064, 871, 1065, -0.037020115873930025]
[895, 699, 895, 681, 90]
[956, 550, 971, 550, 0.0]
[975, 1019, 975, 998, 90]
[978, 885, 980, 931, 1.5273454314033659]
[979, 958, 979, 976, 90]
[1018, 944, 995, 944, -0.0]
[991, 815, 1018, 815, 0.0]
[1268, 1349, 1045, 1349, -0.0]
[1085, 871, 1120, 870, -0.028563657838759995]
[1160, 655, 1183, 655, 0.0]
[1185, 900, 1184, 878, 1.5253730473733196]
[1248, 859, 1228, 859, -0.0]
[1328, 1349, 1310, 1349, -0.0]
[1424, 63, 1424, 121, 90]
[1424, 575, 1424, 630, 90]
[458, 1156, 460, 1170, 1.4288992721907328]
[880, 610, 881, 575, -1.5422326689561365]
[1032, 979, 1029, 957, 1.4352686128093959]
[1074, 755, 1074, 796, 90]
[1314, 900, 1314, 921, 90]
[1424, 1084, 1424, 1116, 90]
[501, 930, 501, 988, 90]
[872, 1310, 883, 1238, -1.4191908393566237]
[488, 93, 348, 92, 0.007142735669413402]
[691, 850, 701, 850, 0.0]
[804, 750, 783, 748, 0.09495170634275632]
[851, 980, 873, 980, 0.0]
[1068, 874, 1049, 874, -0.0]
[899, 714, 901, 733, 1.4659193880646628]
[918, 755, 901, 754, 0.05875582271572269]
[1021, 599, 998, 599, -0.0]
[298, 754, 323, 756, 0.07982998571223732]
[848, 15, 836, 16, -0.08314123188844122]
[1388, 983, 1389, 950, -1.5405025668761214]
[514, 1045, 519, 1074, 1.4000611153196139]
[1390, 960, 1391, 996, 1.5430256902014756]
[975, 855, 976, 831, -1.5291537476963082]
[1148, 647, 1144, 619, 1.4288992721907328]
[574, 135, 573, 149, -1.4994888620096063]
[1161, 723, 1136, 726, -0.11942892601833845]
[507, 219, 510, 242, 1.4410937896389846]
[831, 1014, 849, 1016, 0.11065722117389563]
[883, 1259, 875, 1310, -1.415201498817867]
[775, 818, 797, 815, -0.13552771398550073]
[1124, 865, 1127, 839, -1.4559197213779975]
[259, 1351, 155, 1352, -0.009615088299702515]
[1043, 1352, 1019, 1351, 0.04164257909858842]
[1308, 1352, 1278, 1351, 0.033320995878247196]
[1378, 1352, 1330, 1352, -0.0]
[129, 1347, 239, 1347, 0.0]
[571, 533, 574, 555, 1.4352686128093959]
[865, 946, 856, 947, -0.11065722117389563]
[226, 753, 238, 751, -0.16514867741462683]
[368, 1107, 378, 1106, -0.09966865249116204]
[513, 1351, 500, 1352, -0.07677189126977804]
[758, 969, 757, 955, 1.4994888620096063]
[846, 911, 847, 883, -1.5350972141155728]
[1356, 77, 1273, 77, -0.0]
[83, 1352, 0, 1351, 0.012047609854185994]
[30, 66, 108, 66, 0.0]
[246, 896, 235, 896, -0.0]
[388, 753, 388, 738, 90]
[528, 1352, 514, 1352, -0.0]
[580, 1058, 593, 1056, -0.15264932839526515]
[636, 91, 656, 91, 0.0]
[643, 113, 655, 111, -0.16514867741462683]
[736, 15, 736, 23, 90]
[511, 1347, 789, 1347, 0.0]
[843, 11, 843, 0, 90]
[913, 943, 943, 943, 0.0]
[1143, 76, 915, 76, -0.0]
[1098, 98, 1116, 98, 0.0]
[1120, 1348, 1343, 1347, -0.004484274874815978]
[1388, 863, 1388, 850, 90]
[1391, 89, 1391, 196, 90]
[1391, 1074, 1391, 1115, 90]
[1471, 1007, 1493, 1006, -0.04542327942157701]
[261, 8, 261, 0, 90]
[575, 78, 558, 77, 0.05875582271572269]
[593, 1033, 592, 1023, 1.4711276743037347]
[636, 878, 636, 886, 90]
[638, 906, 638, 895, 90]
[1021, 868, 1021, 850, 90]
[1035, 836, 1046, 836, 0.0]
[1070, 1427, 1096, 1425, -0.07677189126977804]
[1194, 862, 1210, 860, -0.12435499454676144]
[1184, 1426, 1218, 1426, 0.0]
[1388, 1238, 1388, 1225, 90]
[1391, 1118, 1391, 1243, 90]
[1444, 497, 1453, 496, -0.11065722117389563]
[1, 676, 1, 759, 90]
[2, 771, 2, 1025, 90]
[6, 235, 6, 106, 90]
[6, 265, 7, 238, -1.5337762109209665]
[53, 1156, 52, 1131, 1.5308176396716067]
[345, 93, 235, 93, -0.0]
[681, 825, 680, 846, -1.5232132235179132]
[733, 10, 733, 0, 90]
[846, 946, 846, 916, 90]
[910, 1421, 933, 1421, 0.0]
[989, 943, 1002, 942, -0.07677189126977804]
[1123, 776, 1120, 748, 1.464060654145761]
[1184, 92, 1135, 93, -0.020405330686538086]
[1271, 77, 1145, 77, -0.0]
[1391, 46, 1391, 58, 90]
[1391, 1059, 1391, 1073, 90]
[56, 1120, 56, 1128, 90]
[340, 1107, 351, 1108, 0.09065988720074511]
[505, 164, 506, 180, 1.5083775167989393]
[555, 78, 520, 78, -0.0]
[768, 77, 578, 78, -0.005263109297595382]
[846, 868, 846, 856, 90]
[881, 946, 866, 947, -0.06656816377582381]
[953, 91, 910, 91, -0.0]
[1068, 691, 1068, 715, 90]
[1171, 790, 1171, 803, 90]
[400, 756, 386, 756, -0.0]
[709, 956, 699, 956, -0.0]
[1027, 904, 1027, 946, 90]
[1421, 844, 1422, 830, -1.4994888620096063]
[12, 581, 11, 619, -1.5444866095419745]
[12, 621, 11, 641, -1.5208379310729538]
[316, 883, 330, 881, -0.1418970546041639]
[452, 698, 451, 706, -1.446441332248135]
[914, 767, 928, 768, 0.07130746478529032]
[986, 715, 986, 726, 90]
[1026, 884, 1026, 893, 90]
[1157, 828, 1156, 838, -1.4711276743037347]
[8, 393, 8, 370, 90]
[16, 1103, 16, 1219, 90]
[68, 1478, 158, 1478, 0.0]
[175, 302, 162, 300, 0.15264932839526515]
[278, 1352, 259, 1352, -0.0]
[323, 1478, 413, 1478, 0.0]
[423, 43, 410, 42, 0.07677189126977804]
[579, 1478, 668, 1478, 0.0]
[754, 861, 740, 861, -0.0]
[793, 963, 793, 910, 90]
[840, 1086, 826, 1085, 0.07130746478529032]
[835, 1478, 923, 1478, 0.0]
[927, 620, 926, 630, -1.4711276743037347]
[939, 752, 953, 753, 0.07130746478529032]
[993, 1141, 983, 1141, -0.0]
[1348, 1478, 1438, 1478, 0.0]
[1500, 11, 1484, 12, -0.06241880999595735]
[1500, 1291, 1484, 1292, -0.06241880999595735]
[1514, 761, 1502, 762, -0.08314123188844122]
[58, 1472, 50, 1471, 0.12435499454676144]
[313, 1471, 305, 1471, -0.0]
[568, 1471, 560, 1472, -0.12435499454676144]
[638, 646, 637, 628, 1.5152978215491797]
[643, 943, 643, 933, 90]
[698, 742, 720, 743, 0.04542327942157701]
[913, 77, 769, 77, -0.0]
[792, 910, 792, 899, 90]
[827, 1013, 828, 1005, -1.446441332248135]
[1338, 1472, 1330, 1471, 0.12435499454676144]
[1446, 1309, 1446, 1318, 90]
[239, 311, 249, 312, 0.09966865249116204]
[566, 757, 549, 756, 0.05875582271572269]
[671, 182, 685, 183, 0.07130746478529032]
[952, 1246, 951, 1259, -1.4940244355251187]
[969, 1137, 978, 1138, 0.11065722117389563]
[1001, 622, 1019, 624, 0.11065722117389563]
[1514, 505, 1498, 506, -0.06241880999595735]
[6, 105, 6, 90, 90]
[568, 186, 560, 187, -0.12435499454676144]
[649, 747, 660, 748, 0.09065988720074511]
[236, 565, 237, 578, 1.4940244355251187]
[632, 830, 633, 843, 1.4940244355251187]
[1023, 1081, 1022, 1097, -1.5083775167989393]
[955, 1040, 970, 1042, 0.13255153229667402]
[1032, 680, 1034, 692, 1.4056476493802699]
[888, 1213, 886, 1234, -1.4758446204521403]
[909, 703, 921, 705, 0.16514867741462683]
[792, 885, 792, 870, 90]
[7, 370, 7, 266, 90]
[26, 1022, 28, 1004, -1.460139105621001]
[960, 1129, 963, 1111, -1.4056476493802699]
[851, 873, 868, 874, 0.05875582271572269]
[748, 1077, 763, 1075, -0.13255153229667402]
[623, 147, 611, 148, -0.08314123188844122]
[1019, 1352, 1000, 1352, -0.0]
[1156, 132, 1144, 133, -0.08314123188844122]
[466, 91, 488, 92, 0.04542327942157701]
[497, 921, 497, 911, 90]
[1430, 767, 1516, 767, 0.0]
[2, 1025, 2, 1033, 90]
[8, 95, 8, 168, 90]
[901, 1347, 1019, 1347, 0.0]
[865, 703, 845, 700, 0.14888994760949725]
[928, 815, 938, 816, 0.09966865249116204]
[1188, 676, 1175, 675, 0.07677189126977804]
[383, 91, 401, 90, -0.05549850524571683]
[906, 816, 921, 815, -0.06656816377582381]
[905, 664, 885, 661, 0.14888994760949725]
[628, 155, 628, 181, 90]
[661, 845, 675, 847, 0.1418970546041639]
[974, 1048, 972, 1079, -1.5063694873693432]
[847, 794, 848, 809, 1.5042281630190728]
[881, 1113, 868, 1113, -0.0]
[995, 555, 994, 566, -1.4801364395941514]
[963, 37, 946, 37, -0.0]
[848, 779, 848, 791, 90]
[720, 892, 739, 893, 0.052583061610941714]
[951, 1039, 951, 1025, 90]
[1223, 844, 1221, 859, -1.4382447944982226]
[1429, 512, 1516, 512, 0.0]
[553, 93, 511, 92, 0.023805026185069942]
[764, 748, 750, 747, 0.07130746478529032]
[682, 891, 680, 875, 1.446441332248135]
[693, 743, 680, 743, -0.0]
[11, 91, 34, 91, 0.0]
[928, 853, 910, 853, -0.0]
[1186, 728, 1161, 724, 0.1586552621864014]
[751, 891, 768, 891, 0.0]
[876, 701, 893, 702, 0.05875582271572269]
[1078, 899, 1078, 930, 90]
[212, 350, 212, 339, 90]
[1011, 553, 1010, 541, 1.4876550949064553]
[1086, 901, 1120, 901, 0.0]
[956, 854, 928, 853, 0.03569911267932397]
[1318, 956, 1317, 945, 1.4801364395941514]
[1026, 761, 1027, 744, -1.512040504079174]
[1151, 654, 1154, 673, 1.4141944498128813]
[667, 1028, 667, 1034, 90]
[1075, 829, 1075, 845, 90]
[1410, 1347, 1418, 1347, 0.0]
[1068, 92, 1055, 92, -0.0]
[0, 1347, 114, 1347, 0.0]
[277, 698, 277, 718, 90]
[493, 695, 492, 715, -1.5208379310729538]
[943, 947, 935, 947, -0.0]
[1313, 933, 1294, 932, 0.052583061610941714]
[170, 317, 161, 317, -0.0]
[809, 1037, 798, 1037, -0.0]
[1115, 92, 1075, 92, -0.0]
[1059, 1348, 1118, 1347, -0.01694752980640491]
[1422, 596, 1422, 575, 90]
[1422, 1096, 1423, 1084, -1.4876550949064553]
[855, 746, 879, 747, 0.04164257909858842]
[932, 750, 931, 720, 1.5374753309166493]
[1456, 1263, 1469, 1262, -0.07677189126977804]
[975, 874, 975, 856, 90]
[183, 91, 193, 90, -0.09966865249116204]
[933, 715, 934, 733, 1.5152978215491797]
[718, 708, 709, 708, -0.0]
[1422, 121, 1422, 106, 90]
[537, 1464, 537, 1423, 90]
[595, 606, 595, 623, 90]
[903, 836, 903, 861, 90]
[301, 1357, 316, 1357, 0.0]
[968, 1090, 951, 1088, 0.11710874456686428]
[66, 1517, 190, 1517, 0.0]
[323, 1517, 446, 1517, 0.0]
[578, 1517, 701, 1517, 0.0]
[793, 1347, 898, 1347, 0.0]
[834, 1517, 958, 1517, 0.0]
[855, 767, 871, 767, 0.0]
[948, 662, 965, 662, 0.0]
[1090, 1517, 1214, 1517, 0.0]
[1346, 1517, 1470, 1517, 0.0]
[1423, 630, 1422, 598, 1.5395564933646284]
[15, 1068, 15, 1100, 90]
[479, 1465, 479, 1429, 90]
[671, 1390, 650, 1390, -0.0]
[1390, 61, 1390, 86, 90]
[1390, 613, 1390, 623, 90]
[1484, 1034, 1496, 1034, 0.0]
[886, 1206, 886, 1190, 90]
[1321, 90, 1335, 89, -0.07130746478529032]
