[40, 46, 40, 74, 90]
[1225, 789, 1238, 789, 0.0]
[673, 38, 560, 39, -0.5070290609147755]
[1200, 624, 1199, 600, 87.61405596961119]
[1273, 559, 1211, 561, -1.8476102659945959]
[1269, 984, 1254, 986, -7.594643368591445]
[710, 35, 723, 35, 0.0]
[1129, 689, 1129, 643, 90]
[1599, 31, 1346, 32, -0.2264643523411843]
[1129, 603, 1129, 585, 90]
[1267, 723, 1279, 724, 4.763641690726177]
[1351, 555, 1333, 555, -0.0]
[731, 512, 749, 514, 6.340191745909909]
[1350, 748, 1350, 736, 90]
[1488, 590, 1501, 590, 0.0]
[1129, 743, 1129, 710, 90]
[1443, 504, 1465, 504, 0.0]
[1267, 455, 1266, 499, -88.69804732742112]
[1104, 781, 1103, 766, 86.18592516570965]
[1164, 221, 1131, 220, 1.735704588928389]
[1161, 630, 1136, 630, -0.0]
[1163, 656, 1198, 653, -4.899092453787765]
[1198, 548, 1199, 533, -86.18592516570965]
[1289, 695, 1289, 668, 90]
[1345, 700, 1305, 700, -0.0]
[1303, 554, 1318, 554, 0.0]
[1373, 699, 1419, 699, 0.0]
[1444, 700, 1429, 700, -0.0]
[1244, 838, 1244, 823, 90]
[1159, 246, 1136, 246, -0.0]
[1254, 945, 1266, 946, 4.763641690726177]
[1200, 835, 1200, 814, 90]
[1363, 529, 1349, 529, -0.0]
[1155, 695, 1165, 694, -5.710593137499643]
[45, 410, 46, 534, 89.53794727856925]
[50, 935, 51, 1000, 89.11859600341785]
[103, 46, 43, 44, 1.9091524329963763]
[473, 40, 255, 42, -0.5256346064576132]
[1080, 566, 1080, 581, 90]
[1624, 228, 1620, 35, 88.81269268427117]
[1634, 898, 1634, 871, 90]
[1634, 665, 1635, 751, 89.33380002981686]
[1349, 786, 1349, 775, 90]
[1354, 598, 1354, 616, 90]
[1583, 684, 1565, 684, -0.0]
[1584, 536, 1586, 564, 85.91438322002512]
[1624, 35, 1624, 83, 90]
[1759, 33, 1759, 20, 90]
[45, 833, 45, 795, 90]
[389, 464, 391, 485, 84.5596679689945]
[393, 499, 394, 509, 84.28940686250037]
[734, 719, 733, 738, -86.98721249581665]
[735, 684, 734, 708, -87.61405596961119]
[765, 64, 748, 64, -0.0]
[1154, 561, 1190, 558, -4.763641690726177]
[219, 80, 219, 65, 90]
[1594, 745, 1594, 758, 90]
[1549, 406, 1548, 396, 84.28940686250037]
[1241, 781, 1240, 750, 88.15238973400541]
[1608, 424, 1595, 424, -0.0]
[1030, 734, 1031, 705, -88.02506598911802]
[1303, 789, 1324, 789, 0.0]
[1329, 765, 1329, 754, 90]
[1065, 736, 1073, 789, 81.41637851988605]
[710, 819, 710, 831, 90]
[1099, 609, 1099, 595, 90]
[1121, 600, 1120, 628, -87.95459151111278]
[1224, 910, 1224, 894, 90]
[1289, 544, 1287, 513, 86.30861401354873]
[1343, 864, 1383, 864, 0.0]
[1479, 433, 1481, 450, 83.29016319224307]
[1519, 493, 1519, 466, 90]
[1540, 456, 1541, 468, 85.23635830927383]
[797, 468, 795, 483, -82.40535663140855]
[1166, 309, 1145, 311, -5.440332031005506]
[1390, 769, 1390, 785, 90]
[793, 891, 794, 880, -84.8055710922652]
[818, 478, 821, 455, -82.5685920288275]
[949, 930, 932, 932, -6.709836807756933]
[1283, 855, 1284, 844, -84.8055710922652]
[1596, 354, 1614, 352, -6.340191745909909]
[760, 795, 764, 771, -80.53767779197439]
[863, 891, 866, 918, 83.6598082540901]
[1288, 814, 1253, 814, -0.0]
[993, 895, 1011, 893, -6.340191745909909]
[730, 835, 730, 818, 90]
[1235, 621, 1234, 608, 85.60129464500447]
[1510, 736, 1510, 703, 90]
[1471, 699, 1446, 699, -0.0]
[1363, 659, 1364, 676, 86.63353933657021]
[1200, 653, 1200, 640, 90]
[1301, 858, 1318, 860, 6.709836807756933]
[1477, 761, 1479, 747, -81.86989764584403]
[821, 943, 819, 925, 83.6598082540901]
[1599, 720, 1597, 708, 80.53767779197439]
[46, 536, 46, 609, 90]
[1751, 798, 1753, 783, -82.40535663140855]
[1026, 898, 1025, 874, 87.61405596961119]
[1626, 404, 1626, 355, 90]
[671, 840, 671, 851, 90]
[1476, 780, 1476, 796, 90]
[733, 748, 733, 771, 90]
[1393, 543, 1379, 543, -0.0]
[1265, 429, 1253, 429, -0.0]
[1196, 698, 1174, 697, 2.6025622024998065]
[1200, 914, 1200, 889, 90]
[1439, 796, 1473, 797, 1.6846843178962914]
[1213, 812, 1241, 812, 0.0]
[175, 1189, 193, 1189, 0.0]
[275, 1180, 234, 1180, -0.0]
[325, 1124, 489, 1122, -0.6986943829834713]
[874, 803, 874, 776, 90]
[875, 1119, 944, 1119, 0.0]
[1031, 1180, 981, 1181, -1.1457628381751035]
[1168, 1119, 1105, 1120, -0.9093804491991414]
[1205, 1189, 1233, 1189, 0.0]
[1286, 1180, 1270, 1180, -0.0]
[1430, 1114, 1458, 1114, 0.0]
[1580, 1189, 1628, 1189, 0.0]
[1686, 1180, 1658, 1180, -0.0]
[260, 1125, 318, 1125, 0.0]
[1090, 34, 1074, 34, -0.0]
[1121, 799, 1115, 716, 85.86532862626359]
[1140, 790, 1200, 791, 0.9548412538721887]
[1460, 1189, 1488, 1189, 0.0]
[193, 1179, 85, 1179, -0.0]
[281, 591, 279, 575, 82.87498365109819]
[458, 1179, 290, 1179, -0.0]
[471, 1190, 450, 1191, -2.726310993906266]
[718, 1179, 545, 1179, -0.0]
[571, 415, 560, 415, -0.0]
[1200, 1115, 1223, 1115, 0.0]
[1230, 1115, 1243, 1115, 0.0]
[1251, 258, 1274, 254, -9.865806943084369]
[1276, 255, 1293, 255, 0.0]
[915, 1194, 935, 1193, -2.8624052261117474]
[983, 513, 1029, 519, 7.431407971172507]
[1093, 314, 1075, 314, -0.0]
[1270, 1026, 1268, 1009, 83.29016319224307]
[1330, 257, 1349, 260, 8.972626614896393]
[689, 525, 690, 513, -85.23635830927383]
[828, 555, 810, 555, -0.0]
[1266, 229, 1283, 227, -6.709836807756933]
[1271, 625, 1244, 628, -6.340191745909909]
[1276, 624, 1291, 624, 0.0]
[1373, 876, 1374, 890, 85.91438322002512]
[1545, 800, 1513, 800, -0.0]
[1015, 565, 980, 569, -6.519801751656986]
[1081, 221, 1096, 220, -3.8140748342903548]
[1286, 865, 1281, 898, -81.3843518158359]
[1053, 520, 1054, 503, -86.63353933657021]
[656, 460, 639, 460, -0.0]
[984, 604, 1009, 604, 0.0]
[1128, 579, 1129, 566, -85.60129464500447]
[1146, 745, 1135, 745, -0.0]
[1166, 263, 1164, 249, 81.86989764584403]
[1178, 496, 1161, 495, 3.3664606634298013]
[1186, 444, 1205, 444, 0.0]
[1205, 744, 1205, 765, 90]
[1215, 494, 1234, 494, 0.0]
[1231, 520, 1218, 520, -0.0]
[1234, 601, 1234, 569, 90]
[1245, 1179, 1263, 1179, 0.0]
[1289, 748, 1289, 734, 90]
[1474, 650, 1474, 625, 90]
[1450, 666, 1473, 664, -4.969740728110304]
[1273, 501, 1298, 504, 6.84277341263094]
[1203, 725, 1174, 726, -1.9749340108819768]
[1230, 1038, 1228, 993, 87.4551956201869]
[1475, 548, 1476, 574, 87.7974018382342]
[0, 1179, 23, 1179, 0.0]
[1067, 705, 1064, 727, -82.23483398157467]
[1400, 822, 1429, 818, -7.85331330197822]
[1277, 374, 1270, 416, -80.53767779197439]
[1069, 673, 1070, 660, -85.60129464500447]
[599, 565, 583, 565, -0.0]
[754, 555, 769, 555, 0.0]
[1174, 736, 1174, 748, 90]
[1256, 660, 1286, 660, 0.0]
[1276, 549, 1264, 549, -0.0]
[1203, 794, 1186, 792, 6.709836807756933]
[950, 259, 974, 255, -9.462322208025617]
[1056, 774, 1056, 785, 90]
[1294, 1091, 1281, 1093, -8.74616226255521]
[1353, 678, 1353, 695, 90]
[1038, 605, 1073, 606, 1.6365770416167182]
